976 	2788 	10 	0.05 	2 

50		17		206		22		0		
2		61		170		19		0		
162		13		232		17		0		
92		45		197		16		0		
255		29		173		19		0		
231		63		167		18		0		
337		27		200		16		0		
269		59		222		20		0		
441		4		239		19		0		
391		56		226		23		0		
551		-8		231		21		8		
514		53		233		24		0		
673		-19		233		17		8		
613		59		165		18		8		
754		-36		183		19		8		
703		11		223		17		8		
837		-13		180		21		8		
787		51		218		24		8		
934		-4		240		18		8		
886		68		187		22		8		
1044		-9		177		20		8		
999		21		172		16		8		
1147		-6		177		17		8		
1129		43		215		17		8		
1239		-6		225		17		9		
1177		55		194		24		8		
1354		-5		165		19		9		
1305		33		197		21		9		
1437		4		215		16		9		
1411		54		187		21		9		
1540		3		207		19		9		
1488		46		180		22		9		
1676		-10		223		22		9		
1620		35		196		17		9		
1780		-13		214		20		7		
1720		25		199		17		7		
1850		-14		169		21		7		
1798		41		170		23		7		
1930		-11		212		24		7		
1874		49		160		23		7		
2055		-13		171		21		7		
1984		37		237		19		7		
2170		5		227		17		7		
2119		54		165		20		7		
2241		26		160		20		7		
2215		51		195		23		7		
2344		20		223		18		7		
2302		49		162		21		7		
2435		8		221		16		7		
2422		61		214		18		1		
2540		-2		208		18		7		
2499		43		202		23		1		
2650		13		213		16		1		
2610		57		230		17		1		
2752		-2		195		16		1		
2678		79		175		20		1		
2863		-25		228		21		1		
2809		32		205		16		1		
2946		-11		228		20		1		
2891		28		214		19		1		
3050		-14		169		22		1		
3011		52		237		16		1		
3101		57		216		18		1		
44		90		215		16		0		
-13		150		223		20		0		
160		95		182		16		0		
88		148		217		22		0		
245		93		183		17		0		
215		157		235		17		0		
323		87		201		24		0		
274		132		191		18		0		
464		105		167		24		0		
396		128		191		19		0		
576		121		198		19		0		
533		144		227		24		0		
643		89		173		21		0		
599		149		172		19		0		
737		98		199		17		8		
691		114		220		19		0		
837		132		187		21		8		
799		168		209		23		8		
952		94		199		22		8		
887		169		217		20		8		
1085		74		212		23		8		
1025		119		182		23		8		
1159		105		177		20		8		
1133		144		173		19		8		
1242		94		196		16		8		
1187		155		166		16		8		
1361		92		175		19		9		
1322		141		199		17		8		
1462		96		227		21		9		
1418		149		190		23		9		
1568		78		227		22		9		
1515		135		214		23		9		
1665		71		191		19		9		
1616		134		222		20		7		
1738		79		198		22		7		
1707		133		173		22		9		
1822		104		228		17		7		
1785		136		227		23		7		
1928		97		229		21		7		
1866		137		170		22		7		
2048		104		192		20		7		
1999		135		229		20		7		
2164		100		223		16		7		
2088		148		172		16		7		
2277		74		185		24		7		
2219		145		200		22		7		
2381		90		190		24		1		
2309		153		240		16		7		
2486		96		214		22		1		
2409		153		201		16		1		
2569		102		211		16		1		
2520		146		188		21		1		
2638		123		162		18		1		
2587		163		227		24		1		
2735		114		236		21		1		
2690		161		230		19		1		
2837		86		194		16		1		
2804		150		180		23		1		
2956		92		192		17		1		
2888		118		240		16		1		
3062		124		219		20		1		
3023		163		187		16		1		
3088		166		216		24		1		
30		208		160		22		0		
-34		259		194		20		0		
142		209		167		20		0		
109		255		202		23		0		
244		196		175		21		0		
213		271		166		20		0		
348		173		172		19		0		
316		238		161		22		0		
465		166		229		24		0		
395		241		200		16		0		
556		172		167		19		0		
511		237		192		23		0		
647		174		236		21		0		
591		230		195		21		0		
754		184		171		17		8		
724		242		197		21		0		
849		204		217		20		8		
781		247		178		23		8		
960		193		170		17		8		
920		253		181		17		8		
1073		188		165		16		8		
1003		250		202		23		8		
1161		194		237		21		8		
1100		261		193		18		8		
1266		202		177		22		8		
1178		248		189		17		8		
1378		198		198		20		8		
1304		251		229		18		8		
1471		188		171		23		9		
1419		226		186		18		8		
1563		190		214		19		9		
1528		259		164		16		9		
1658		196		235		19		7		
1599		234		164		21		7		
1754		190		231		20		7		
1712		273		219		16		7		
1828		170		204		16		7		
1797		223		202		19		7		
1937		175		170		22		7		
1859		220		207		21		7		
2039		179		231		24		7		
2000		232		219		20		7		
2143		192		224		23		7		
2083		245		184		22		7		
2252		223		160		24		7		
2232		276		169		18		7		
2338		215		180		16		1		
2296		248		239		24		1		
2443		203		178		19		1		
2386		251		230		21		1		
2539		207		209		19		1		
2490		266		229		16		1		
2639		200		192		24		1		
2592		255		188		24		1		
2758		197		236		20		1		
2718		243		240		18		1		
2855		182		169		24		1		
2817		261		177		19		1		
2955		189		207		17		1		
2901		219		168		16		1		
3048		206		186		20		1		
3025		257		194		23		1		
3074		229		176		17		1		
44		306		182		18		0		
-13		352		198		21		0		
179		317		189		19		0		
101		360		165		21		0		
285		314		178		18		0		
231		355		177		17		0		
364		306		240		20		0		
305		354		174		22		0		
441		312		188		21		0		
400		356		190		17		0		
546		295		222		16		0		
510		348		190		19		0		
668		297		166		17		0		
622		314		200		19		0		
752		305		225		18		0		
720		367		187		16		0		
852		296		219		18		8		
765		333		220		21		8		
963		309		223		23		8		
910		357		201		17		8		
1030		322		167		24		8		
995		367		190		21		8		
1117		315		197		20		8		
1082		373		223		17		8		
1216		297		199		19		8		
1191		356		229		20		8		
1345		279		221		20		8		
1288		338		173		20		8		
1476		298		187		16		9		
1421		352		182		23		8		
1564		303		166		21		9		
1509		364		203		18		9		
1654		311		184		17		9		
1588		323		192		16		9		
1756		306		170		18		7		
1693		366		181		24		7		
1828		273		222		22		7		
1812		329		162		22		7		
1921		277		207		22		7		
1867		338		160		16		7		
2044		298		195		19		7		
2009		343		162		20		7		
2172		329		195		22		7		
2106		353		205		23		7		
2276		300		165		19		7		
2225		357		216		22		7		
2345		284		166		18		1		
2310		333		171		20		1		
2433		314		238		21		1		
2385		363		166		16		7		
2544		314		228		16		1		
2484		340		169		20		1		
2672		298		188		16		1		
2599		365		201		23		1		
2777		307		167		21		1		
2707		347		223		19		1		
2863		298		219		16		1		
2817		371		182		21		1		
2971		287		194		20		1		
2890		340		163		21		1		
3051		281		169		23		1		
3017		328		200		20		1		
3077		336		196		22		1		
43		406		164		18		0		
3		454		194		22		0		
152		398		213		16		0		
91		455		189		23		0		
250		395		193		17		0		
207		439		237		19		0		
341		404		239		22		0		
271		452		212		21		0		
468		393		161		22		0		
403		451		173		19		0		
586		367		160		22		0		
504		429		225		23		0		
674		384		222		20		8		
628		419		193		23		0		
733		395		220		20		8		
720		457		185		19		8		
822		394		211		24		8		
781		457		163		18		8		
942		414		190		21		8		
889		470		187		20		8		
1047		418		237		22		8		
1005		453		230		23		8		
1156		414		235		17		8		
1085		468		174		17		8		
1263		397		206		19		8		
1215		462		211		19		8		
1364		410		206		18		9		
1290		424		201		17		9		
1454		418		186		17		9		
1410		475		211		24		9		
1533		384		219		19		9		
1494		453		171		21		9		
1628		378		187		18		9		
1568		417		178		21		9		
1750		389		206		19		7		
1696		442		193		19		9		
1851		394		168		22		7		
1802		459		203		21		7		
1954		404		234		16		7		
1875		465		174		19		7		
2071		398		189		18		7		
2004		464		214		23		7		
2159		381		165		20		7		
2106		457		182		17		7		
2259		389		224		20		7		
2183		431		160		20		7		
2351		412		240		16		7		
2292		453		218		19		7		
2436		389		167		20		1		
2385		476		167		23		7		
2539		391		161		17		1		
2496		424		207		19		1		
2634		414		222		16		1		
2586		452		163		24		1		
2748		411		160		20		1		
2675		465		192		19		1		
2844		413		189		17		1		
2829		467		235		23		1		
2936		381		222		19		1		
2886		453		234		20		1		
3043		384		186		20		1		
2986		430		197		23		1		
3082		436		234		18		1		
51		503		230		24		0		
10		565		223		19		2		
146		496		233		16		0		
112		559		210		22		0		
228		496		179		21		0		
206		563		184		17		0		
334		499		212		21		0		
276		564		189		24		0		
439		487		166		20		0		
415		560		161		16		0		
547		481		219		22		0		
483		534		184		20		0		
675		493		198		18		0		
608		522		203		17		0		
768		519		239		23		8		
722		558		165		18		8		
847		533		213		18		8		
814		574		235		18		8		
952		509		207		24		8		
893		574		210		20		8		
1043		504		178		24		8		
996		538		166		16		8		
1144		516		167		19		8		
1092		557		239		19		8		
1242		489		217		19		8		
1210		556		222		24		8		
1336		488		165		18		9		
1295		523		201		24		8		
1450		509		194		17		9		
1386		562		170		23		6		
1529		486		179		17		9		
1480		560		182		16		6		
1636		481		171		19		9		
1579		553		202		22		6		
1749		512		206		20		7		
1723		555		162		20		9		
1826		531		221		24		7		
1783		557		206		24		7		
1925		525		199		19		7		
1882		544		165		22		7		
2039		523		188		24		7		
1983		554		169		18		7		
2130		508		200		23		7		
2100		558		162		21		7		
2216		495		215		16		7		
2183		528		178		17		7		
2327		516		170		17		7		
2303		546		176		19		7		
2445		511		218		24		1		
2376		578		239		24		7		
2543		485		168		18		1		
2507		562		167		20		5		
2627		503		185		19		1		
2593		548		218		22		5		
2756		521		236		24		1		
2694		546		173		20		1		
2872		507		187		16		1		
2832		551		161		21		1		
2936		501		184		17		1		
2881		563		219		16		1		
3025		482		201		18		1		
2974		554		164		21		1		
3073		521		165		18		1		
71		621		182		19		2		
-8		671		220		23		2		
172		626		229		23		0		
124		666		196		16		2		
254		631		227		22		0		
210		660		192		24		0		
357		625		232		23		0		
297		669		220		16		0		
459		607		168		23		0		
427		661		233		20		0		
544		576		166		19		0		
497		644		182		18		0		
655		587		186		19		8		
592		630		205		22		8		
767		612		184		16		8		
724		673		171		23		8		
859		614		170		16		8		
819		657		190		20		8		
937		602		214		20		8		
898		664		168		17		8		
1045		591		164		17		8		
1010		652		230		16		8		
1158		597		208		18		6		
1120		646		184		23		6		
1263		590		226		19		6		
1216		644		215		21		6		
1345		597		182		19		6		
1305		652		163		21		6		
1416		613		172		20		6		
1378		659		232		19		6		
1530		628		176		20		6		
1477		676		171		23		6		
1666		627		214		18		6		
1590		671		177		22		6		
1757		600		196		21		9		
1725		644		167		19		6		
1839		570		225		20		7		
1793		663		201		16		6		
1941		572		228		24		7		
1907		618		211		24		7		
2045		589		216		23		7		
1981		633		219		16		7		
2153		578		171		21		7		
2107		656		177		17		7		
2270		579		237		23		7		
2209		650		197		17		7		
2352		608		197		23		5		
2332		636		233		23		7		
2438		629		211		23		5		
2385		675		173		21		5		
2558		625		181		19		5		
2500		657		174		21		5		
2661		591		231		24		1		
2603		676		235		18		5		
2770		576		166		17		1		
2705		650		202		21		1		
2841		607		185		17		1		
2800		629		201		18		1		
2919		616		221		17		3		
2874		678		165		24		1		
3022		592		174		20		3		
2985		636		165		23		1		
3080		647		194		19		3		
45		715		236		19		2		
-30		774		236		16		2		
162		700		179		24		0		
101		755		173		19		2		
253		698		180		20		0		
197		751		232		22		2		
367		706		174		24		2		
313		753		228		18		0		
465		698		182		17		0		
419		749		196		24		2		
545		698		220		18		4		
509		748		174		18		4		
660		715		165		24		8		
586		763		204		19		4		
776		718		199		23		8		
722		771		178		21		8		
858		707		197		22		8		
805		745		225		18		8		
971		713		207		21		4		
906		755		221		22		4		
1085		707		223		24		8		
1018		765		175		18		8		
1178		693		208		16		6		
1122		763		171		21		6		
1257		706		230		19		6		
1229		744		184		24		6		
1337		714		216		21		6		
1307		765		240		17		6		
1439		722		222		18		6		
1386		756		203		23		6		
1537		720		181		16		6		
1499		765		218		17		6		
1649		688		183		20		6		
1593		742		222		17		6		
1761		706		231		24		6		
1725		729		168		18		6		
1861		711		200		17		6		
1784		767		192		23		6		
1948		679		167		22		7		
1929		752		161		24		6		
2043		700		196		22		7		
2010		745		169		23		7		
2163		727		197		17		5		
2114		771		232		22		5		
2271		707		196		18		5		
2215		776		231		16		5		
2365		703		197		22		5		
2311		743		178		22		5		
2447		703		224		22		5		
2406		779		202		24		5		
2545		708		175		16		5		
2514		748		229		17		5		
2647		735		166		23		5		
2579		787		231		20		5		
2735		704		227		23		5		
2710		783		166		24		5		
2833		700		180		24		1		
2807		732		214		22		1		
2940		699		202		17		3		
2897		757		190		20		3		
3043		691		237		24		3		
3011		736		172		21		3		
3091		753		196		17		3		
26		814		163		23		2		
7		852		205		20		2		
136		806		172		23		2		
74		858		235		22		2		
257		806		208		22		2		
199		859		163		18		2		
365		796		226		22		2		
312		857		188		19		2		
463		799		185		21		2		
402		870		217		16		2		
551		813		222		22		4		
508		861		218		19		4		
648		819		216		19		4		
605		875		221		21		4		
751		798		206		18		8		
695		860		163		23		4		
853		793		238		16		4		
794		831		194		16		4		
953		807		191		20		4		
904		853		190		16		4		
1055		821		204		19		4		
988		841		235		23		4		
1173		814		208		23		6		
1121		849		220		23		4		
1279		803		231		17		6		
1228		849		227		19		6		
1356		807		211		16		6		
1309		857		187		21		6		
1446		799		233		19		6		
1404		839		240		24		6		
1555		787		216		23		6		
1514		850		230		24		6		
1669		782		192		17		6		
1597		838		171		18		6		
1749		790		224		19		6		
1709		831		226		21		6		
1852		808		228		21		6		
1777		839		160		20		6		
1991		818		191		21		5		
1907		873		184		24		6		
2080		816		186		22		5		
2023		842		228		16		5		
2166		820		211		18		5		
2090		864		208		22		5		
2255		812		219		21		5		
2201		851		200		18		5		
2352		818		191		16		5		
2301		851		163		20		5		
2473		824		173		22		5		
2419		855		220		24		5		
2548		827		179		17		5		
2501		855		185		20		5		
2642		835		211		18		5		
2577		859		202		21		3		
2782		811		214		23		3		
2723		874		183		18		3		
2872		789		227		24		3		
2808		854		208		18		3		
2968		794		204		23		3		
2897		853		195		19		3		
3058		798		231		19		3		
3018		856		216		23		3		
3097		829		172		20		3		
56		896		161		20		2		
-2		953		212		17		2		
137		911		235		16		2		
82		957		178		16		2		
254		910		232		22		2		
191		970		210		20		2		
350		931		207		24		2		
325		971		169		21		2		
447		932		233		18		2		
395		980		197		24		2		
562		923		239		24		2		
505		958		185		20		2		
652		917		233		16		4		
626		970		202		20		4		
738		893		167		23		4		
695		937		193		24		4		
845		890		168		23		4		
782		923		178		18		4		
938		887		235		23		4		
897		949		169		24		4		
1053		870		230		19		4		
986		919		162		23		4		
1176		885		219		21		4		
1109		935		221		23		4		
1258		903		212		19		4		
1214		934		196		16		6		
1356		889		174		24		6		
1290		957		172		18		6		
1471		890		179		19		6		
1391		942		190		18		6		
1556		901		196		20		6		
1512		947		176		19		6		
1637		887		207		19		6		
1612		949		186		22		6		
1737		880		216		20		6		
1683		934		207		16		6		
1832		903		169		20		6		
1794		951		170		17		6		
1939		897		225		17		6		
1891		954		224		24		5		
2033		890		240		22		5		
1979		932		193		22		5		
2126		895		192		16		5		
2099		944		205		19		5		
2247		889		220		19		5		
2190		923		213		20		5		
2368		888		206		22		5		
2297		930		239		23		5		
2447		886		164		22		5		
2417		942		231		19		5		
2530		887		184		24		5		
2492		942		198		24		5		
2658		899		178		20		3		
2599		943		164		18		3		
2749		917		219		22		3		
2725		957		221		17		3		
2833		919		216		20		3		
2801		952		162		17		3		
2946		915		162		16		3		
2899		959		225		21		3		
3056		886		236		22		3		
3019		944		172		20		3		
3108		932		201		20		3		
24		1014		222		22		2		
-24		1066		166		21		2		
136		1016		228		20		2		
75		1060		196		24		2		
262		1032		233		24		2		
181		1066		182		21		2		
371		1021		169		16		2		
318		1075		202		19		2		
453		1006		234		18		2		
403		1060		166		23		2		
569		1005		199		21		4		
505		1064		210		18		2		
669		990		189		23		4		
628		1071		189		17		4		
739		967		168		16		4		
696		1033		225		20		2		
834		982		207		19		4		
806		1026		203		21		4		
945		981		211		21		4		
895		1044		161		21		4		
1042		984		227		16		4		
999		1037		216		16		4		
1148		984		168		17		4		
1110		1050		235		17		4		
1247		988		182		24		4		
1208		1037		174		22		4		
1325		1009		205		19		4		
1296		1053		229		22		4		
1431		999		172		17		6		
1379		1070		239		17		4		
1568		995		184		20		6		
1495		1040		187		22		6		
1658		996		206		17		6		
1605		1036		220		17		6		
1741		1005		178		21		6		
1712		1060		196		18		6		
1853		1002		191		23		5		
1800		1064		189		23		5		
1931		990		183		20		5		
1887		1058		220		16		5		
2046		986		215		18		5		
1967		1042		201		24		5		
2164		971		233		24		5		
2132		1042		199		17		5		
2240		964		169		20		5		
2204		1020		238		20		5		
2346		985		204		20		5		
2277		1017		191		19		5		
2462		998		214		19		3		
2413		1053		191		19		5		
2561		998		168		21		3		
2502		1040		191		24		3		
2666		1001		203		20		3		
2611		1063		196		23		3		
2777		991		199		22		3		
2715		1070		194		23		3		
2867		992		216		24		3		
2804		1056		237		21		3		
2972		988		185		17		3		
2896		1038		205		19		3		
3071		990		168		22		3		
3024		1033		205		18		3		
3099		1063		169		18		3		
27		1112		169		21		2		
-6		1152		161		18		2		
120		1110		203		22		2		
80		1178		227		24		2		
237		1109		212		22		2		
201		1155		202		17		2		
351		1114		171		23		2		
295		1164		160		19		2		
455		1117		214		18		2		
388		1142		172		21		2		
563		1130		183		16		2		
499		1146		204		21		2		
655		1114		206		18		2		
620		1183		180		24		2		
763		1092		224		16		4		
677		1150		230		23		2		
867		1088		174		19		4		
800		1139		175		18		4		
949		1100		216		18		4		
915		1155		226		24		4		
1067		1103		170		19		4		
1009		1149		220		17		4		
1170		1103		232		23		4		
1125		1138		213		23		4		
1257		1102		218		16		4		
1204		1136		174		18		4		
1350		1114		214		24		6		
1291		1140		228		19		4		
1443		1111		229		20		6		
1406		1176		191		23		4		
1532		1080		212		21		6		
1474		1156		170		16		6		
1659		1100		229		18		6		
1579		1138		227		20		6		
1771		1119		215		18		5		
1724		1168		217		19		6		
1834		1120		229		24		5		
1781		1150		200		24		5		
1923		1110		209		18		5		
1880		1149		186		18		5		
2053		1099		233		22		5		
1998		1142		166		22		5		
2172		1091		175		16		5		
2130		1163		202		22		5		
2241		1073		176		19		5		
2222		1140		209		18		5		
2344		1085		236		22		5		
2264		1144		222		23		5		
2453		1095		216		18		5		
2422		1158		201		19		3		
2552		1105		228		19		3		
2506		1156		161		20		3		
2660		1132		161		16		3		
2619		1167		182		18		3		
2742		1135		170		22		3		
2680		1168		232		20		3		
2833		1103		189		23		3		
2780		1164		203		20		3		
2948		1084		183		19		3		
2889		1119		230		22		3		
3053		1107		169		20		3		
3008		1155		228		19		3		
3096		1143		195		22		3		
47		1218		212		20		2		
-9		1259		182		24		2		
162		1223		236		17		2		
94		1281		217		23		2		
259		1210		178		23		2		
238		1255		160		20		2		
332		1192		189		22		2		
288		1247		167		23		2		
433		1170		174		17		2		
375		1233		217		21		2		
556		1199		194		21		2		
484		1215		185		23		2		
642		1220		181		16		2		
617		1253		228		18		2		
713		1197		218		16		4		
677		1253		179		18		2		
848		1206		213		19		4		
791		1242		187		17		4		
975		1205		176		23		4		
921		1252		233		16		4		
1067		1185		163		21		4		
1015		1228		220		21		4		
1159		1171		219		21		4		
1113		1247		166		23		4		
1238		1173		210		19		4		
1206		1228		184		17		4		
1347		1202		236		22		4		
1282		1232		160		16		4		
1437		1221		198		17		6		
1416		1268		170		22		4		
1520		1214		212		23		6		
1475		1253		189		19		6		
1644		1206		221		17		6		
1583		1260		183		23		6		
1733		1198		205		24		6		
1712		1254		226		23		5		
1826		1179		200		16		5		
1768		1250		190		24		5		
1955		1181		222		23		5		
1904		1238		206		17		5		
2075		1206		171		18		5		
2017		1263		170		17		5		
2180		1212		198		19		5		
2098		1255		197		20		5		
2244		1210		233		24		5		
2223		1250		190		19		5		
2342		1217		188		24		5		
2291		1258		177		20		5		
2475		1220		222		18		3		
2401		1273		217		24		3		
2573		1219		166		23		3		
2533		1274		182		24		3		
2640		1203		215		19		3		
2603		1250		213		23		3		
2718		1196		197		22		3		
2692		1252		230		23		3		
2835		1180		213		23		3		
2795		1251		218		18		3		
2949		1190		222		20		3		
2904		1227		215		18		3		
3051		1191		191		18		3		
3011		1278		180		22		3		
3103		1221		180		16		3		
37		1322		211		23		2		
-19		1366		177		23		2		
170		1313		174		19		2		
104		1365		208		18		2		
266		1293		197		22		2		
221		1344		182		16		2		
330		1288		240		21		2		
293		1341		176		20		2		
426		1277		183		16		2		
410		1352		209		22		2		
544		1268		233		23		2		
497		1341		183		24		2		
652		1286		208		16		2		
615		1348		227		17		2		
755		1297		190		19		2		
695		1356		205		24		4		
864		1288		222		17		4		
819		1347		240		20		4		
961		1275		205		20		4		
907		1353		175		21		4		
1060		1290		163		20		4		
988		1339		190		24		4		
1160		1303		232		19		4		
1115		1356		203		16		4		
1250		1286		230		24		4		
1210		1364		194		20		4		
1351		1298		200		19		4		
1281		1320		174		24		4		
1454		1301		201		16		6		
1406		1340		210		23		4		
1538		1299		213		22		6		
1496		1337		222		20		6		
1652		1307		177		22		6		
1590		1355		167		21		6		
1747		1306		190		19		5		
1706		1368		180		21		5		
1846		1309		192		24		5		
1791		1350		215		20		5		
1967		1320		163		19		5		
1911		1366		194		24		5		
2040		1312		221		17		5		
2005		1375		211		23		5		
2141		1294		165		16		5		
2086		1350		240		22		5		
2269		1298		167		22		5		
2230		1360		176		23		5		
2350		1314		170		24		3		
2329		1369		168		22		5		
2460		1328		197		19		3		
2388		1385		160		21		3		
2563		1305		208		17		3		
2522		1351		193		20		3		
2655		1299		162		23		3		
2604		1330		190		18		3		
2769		1307		223		18		3		
2716		1350		229		17		3		
2864		1298		182		22		3		
2799		1363		176		21		3		
2966		1315		181		17		3		
2900		1361		202		23		3		
3062		1308		233		23		3		
2994		1373		239		21		3		
3114		1330		188		19		3		
47		1409		212		16		2		
0		1468		185		22		2		
155		1396		216		21		2		
123		1441		204		20		2		
247		1392		240		18		2		
197		1441		172		20		2		
373		1405		167		22		2		
289		1435		203		19		2		
481		1416		189		20		2		
431		1447		178		17		2		
567		1421		171		24		2		
527		1471		234		24		2		
658		1419		217		22		4		
596		1443		197		16		2		
759		1406		193		24		4		
710		1454		172		23		4		
862		1412		208		22		4		
816		1435		204		20		4		
935		1417		178		21		4		
907		1460		170		20		4		
1043		1405		218		23		4		
1001		1450		195		16		4		
1165		1417		205		22		4		
1127		1465		198		16		4		
1242		1398		199		21		4		
1202		1484		191		19		4		
1337		1362		238		24		4		
1278		1419		238		18		4		
1449		1376		233		16		6		
1421		1439		165		23		6		
1549		1392		197		21		6		
1494		1451		199		22		6		
1645		1416		202		18		6		
1605		1427		186		19		6		
1750		1413		206		18		5		
1709		1467		222		21		6		
1856		1407		198		16		5		
1805		1439		192		18		5		
1949		1421		202		17		5		
1901		1456		222		20		5		
2050		1413		178		20		5		
2011		1448		221		22		5		
2175		1416		217		24		5		
2112		1460		197		16		5		
2290		1431		170		16		5		
2241		1453		238		20		5		
2366		1440		208		21		5		
2309		1471		227		21		5		
2450		1409		218		18		5		
2413		1467		213		23		5		
2563		1376		225		18		3		
2516		1436		213		22		3		
2665		1381		197		20		3		
2599		1455		203		17		3		
2746		1407		174		18		3		
2701		1449		229		23		3		
2834		1427		222		24		3		
2815		1478		193		22		3		
2928		1419		195		20		3		
2903		1466		217		18		3		
3046		1395		220		20		3		
3001		1454		229		20		3		
3106		1447		224		18		3		
75		1500		238		21		2		
165		1487		185		24		2		
238		1484		201		16		2		
347		1477		161		24		2		
476		1502		172		17		2		
556		1493		174		18		2		
648		1479		212		19		2		
767		1484		226		17		4		
861		1483		175		23		4		
973		1493		163		19		4		
1085		1511		209		22		4		
1164		1532		220		19		4		
1238		1505		161		20		4		
1362		1496		182		21		6		
1466		1513		216		22		6		
1550		1486		174		21		6		
1669		1479		213		17		6		
1765		1494		166		23		6		
1851		1488		172		22		5		
1963		1483		180		20		5		
2073		1495		172		21		5		
2178		1497		222		16		5		
2260		1493		194		20		5		
2356		1499		177		18		5		
2479		1494		202		16		5		
2552		1515		187		23		3		
2635		1523		174		23		3		
2770		1520		172		18		3		
2884		1517		196		21		3		
2977		1501		172		16		3		
3061		1506		197		21		3		

0	1
0	2
0	3
1	63
1	64
2	3
2	4
2	5
3	63
3	65
3	66
4	5
4	6
4	7
5	65
5	67
5	68
6	7
6	8
6	9
7	67
7	69
7	70
8	9
8	10
8	11
9	69
9	71
9	72
10	11
10	12
10	13
11	71
11	73
11	74
12	13
12	14
12	15
13	73
13	75
13	76
14	15
14	16
14	17
15	75
15	77
15	78
16	17
16	18
16	19
17	77
17	79
17	80
18	19
18	20
18	21
19	79
19	81
19	82
20	21
20	22
20	23
21	81
21	83
21	84
22	23
22	24
22	25
23	83
23	85
23	86
24	25
24	26
24	27
25	85
25	87
25	88
26	27
26	28
26	29
27	87
27	89
27	90
28	29
28	30
28	31
29	89
29	91
29	92
30	31
30	32
30	33
31	91
31	93
31	94
32	33
32	34
32	35
33	93
33	95
33	96
34	35
34	36
34	37
35	95
35	97
35	98
36	37
36	38
36	39
37	97
37	99
37	100
38	39
38	40
38	41
39	99
39	101
39	102
40	41
40	42
40	43
41	101
41	103
41	104
42	43
42	44
42	45
43	103
43	105
43	106
44	45
44	46
44	47
45	105
45	107
45	108
46	47
46	48
46	49
47	107
47	109
47	110
48	49
48	50
48	51
49	109
49	111
49	112
50	51
50	52
50	53
51	111
51	113
51	114
52	53
52	54
52	55
53	113
53	115
53	116
54	55
54	56
54	57
55	115
55	117
55	118
56	57
56	58
56	59
57	117
57	119
57	120
58	59
58	60
58	61
59	119
59	121
59	122
60	61
60	62
61	121
61	123
61	124
62	123
62	125
63	64
63	65
63	66
64	126
64	127
65	66
65	67
65	68
66	126
66	128
66	129
67	68
67	69
67	70
68	128
68	130
68	131
69	70
69	71
69	72
70	130
70	132
70	133
71	72
71	73
71	74
72	132
72	134
72	135
73	74
73	75
73	76
74	134
74	136
74	137
75	76
75	77
75	78
76	136
76	138
76	139
77	78
77	79
77	80
78	138
78	140
78	141
79	80
79	81
79	82
80	140
80	142
80	143
81	82
81	83
81	84
82	142
82	144
82	145
83	84
83	85
83	86
84	144
84	146
84	147
85	86
85	87
85	88
86	146
86	148
86	149
87	88
87	89
87	90
88	148
88	150
88	151
89	90
89	91
89	92
90	150
90	152
90	153
91	92
91	93
91	94
92	152
92	154
92	155
93	94
93	95
93	96
94	154
94	156
94	157
95	96
95	97
95	98
96	156
96	158
96	159
97	98
97	99
97	100
98	158
98	160
98	161
99	100
99	101
99	102
100	160
100	162
100	163
101	102
101	103
101	104
102	162
102	164
102	165
103	104
103	105
103	106
104	164
104	166
104	167
105	106
105	107
105	108
106	166
106	168
106	169
107	108
107	109
107	110
108	168
108	170
108	171
109	110
109	111
109	112
110	170
110	172
110	173
111	112
111	113
111	114
112	172
112	174
112	175
113	114
113	115
113	116
114	174
114	176
114	177
115	116
115	117
115	118
116	176
116	178
116	179
117	118
117	119
117	120
118	178
118	180
118	181
119	120
119	121
119	122
120	180
120	182
120	183
121	122
121	123
121	124
122	182
122	184
122	185
123	124
123	125
124	184
124	186
124	187
125	186
125	188
126	127
126	128
126	129
127	189
127	190
128	129
128	130
128	131
129	189
129	191
129	192
130	131
130	132
130	133
131	191
131	193
131	194
132	133
132	134
132	135
133	193
133	195
133	196
134	135
134	136
134	137
135	195
135	197
135	198
136	137
136	138
136	139
137	197
137	199
137	200
138	139
138	140
138	141
139	199
139	201
139	202
140	141
140	142
140	143
141	201
141	203
141	204
142	143
142	144
142	145
143	203
143	205
143	206
144	145
144	146
144	147
145	205
145	207
145	208
146	147
146	148
146	149
147	207
147	209
147	210
148	149
148	150
148	151
149	209
149	211
149	212
150	151
150	152
150	153
151	211
151	213
151	214
152	153
152	154
152	155
153	213
153	215
153	216
154	155
154	156
154	157
155	215
155	217
155	218
156	157
156	158
156	159
157	217
157	219
157	220
158	159
158	160
158	161
159	219
159	221
159	222
160	161
160	162
160	163
161	221
161	223
161	224
162	163
162	164
162	165
163	223
163	225
163	226
164	165
164	166
164	167
165	225
165	227
165	228
166	167
166	168
166	169
167	227
167	229
167	230
168	169
168	170
168	171
169	229
169	231
169	232
170	171
170	172
170	173
171	231
171	233
171	234
172	173
172	174
172	175
173	233
173	235
173	236
174	175
174	176
174	177
175	235
175	237
175	238
176	177
176	178
176	179
177	237
177	239
177	240
178	179
178	180
178	181
179	239
179	241
179	242
180	181
180	182
180	183
181	241
181	243
181	244
182	183
182	184
182	185
183	243
183	245
183	246
184	185
184	186
184	187
185	245
185	247
185	248
186	187
186	188
187	247
187	249
187	250
188	249
188	251
189	190
189	191
189	192
190	252
190	253
191	192
191	193
191	194
192	252
192	254
192	255
193	194
193	195
193	196
194	254
194	256
194	257
195	196
195	197
195	198
196	256
196	258
196	259
197	198
197	199
197	200
198	258
198	260
198	261
199	200
199	201
199	202
200	260
200	262
200	263
201	202
201	203
201	204
202	262
202	264
202	265
203	204
203	205
203	206
204	264
204	266
204	267
205	206
205	207
205	208
206	266
206	268
206	269
207	208
207	209
207	210
208	268
208	270
208	271
209	210
209	211
209	212
210	270
210	272
210	273
211	212
211	213
211	214
212	272
212	274
212	275
213	214
213	215
213	216
214	274
214	276
214	277
215	216
215	217
215	218
216	276
216	278
216	279
217	218
217	219
217	220
218	278
218	280
218	281
219	220
219	221
219	222
220	280
220	282
220	283
221	222
221	223
221	224
222	282
222	284
222	285
223	224
223	225
223	226
224	284
224	286
224	287
225	226
225	227
225	228
226	286
226	288
226	289
227	228
227	229
227	230
228	288
228	290
228	291
229	230
229	231
229	232
230	290
230	292
230	293
231	232
231	233
231	234
232	292
232	294
232	295
233	234
233	235
233	236
234	294
234	296
234	297
235	236
235	237
235	238
236	296
236	298
236	299
237	238
237	239
237	240
238	298
238	300
238	301
239	240
239	241
239	242
240	300
240	302
240	303
241	242
241	243
241	244
242	302
242	304
242	305
243	244
243	245
243	246
244	304
244	306
244	307
245	246
245	247
245	248
246	306
246	308
246	309
247	248
247	249
247	250
248	308
248	310
248	311
249	250
249	251
250	310
250	312
250	313
251	312
251	314
252	253
252	254
252	255
253	315
253	316
254	255
254	256
254	257
255	315
255	317
255	318
256	257
256	258
256	259
257	317
257	319
257	320
258	259
258	260
258	261
259	319
259	321
259	322
260	261
260	262
260	263
261	321
261	323
261	324
262	263
262	264
262	265
263	323
263	325
263	326
264	265
264	266
264	267
265	325
265	327
265	328
266	267
266	268
266	269
267	327
267	329
267	330
268	269
268	270
268	271
269	329
269	331
269	332
270	271
270	272
270	273
271	331
271	333
271	334
272	273
272	274
272	275
273	333
273	335
273	336
274	275
274	276
274	277
275	335
275	337
275	338
276	277
276	278
276	279
277	337
277	339
277	340
278	279
278	280
278	281
279	339
279	341
279	342
280	281
280	282
280	283
281	341
281	343
281	344
282	283
282	284
282	285
283	343
283	345
283	346
284	285
284	286
284	287
285	345
285	347
285	348
286	287
286	288
286	289
287	347
287	349
287	350
288	289
288	290
288	291
289	349
289	351
289	352
290	291
290	292
290	293
291	351
291	353
291	354
292	293
292	294
292	295
293	353
293	355
293	356
294	295
294	296
294	297
295	355
295	357
295	358
296	297
296	298
296	299
297	357
297	359
297	360
298	299
298	300
298	301
299	359
299	361
299	362
300	301
300	302
300	303
301	361
301	363
301	364
302	303
302	304
302	305
303	363
303	365
303	366
304	305
304	306
304	307
305	365
305	367
305	368
306	307
306	308
306	309
307	367
307	369
307	370
308	309
308	310
308	311
309	369
309	371
309	372
310	311
310	312
310	313
311	371
311	373
311	374
312	313
312	314
313	373
313	375
313	376
314	375
314	377
315	316
315	317
315	318
316	378
316	379
317	318
317	319
317	320
318	378
318	380
318	381
319	320
319	321
319	322
320	380
320	382
320	383
321	322
321	323
321	324
322	382
322	384
322	385
323	324
323	325
323	326
324	384
324	386
324	387
325	326
325	327
325	328
326	386
326	388
326	389
327	328
327	329
327	330
328	388
328	390
328	391
329	330
329	331
329	332
330	390
330	392
330	393
331	332
331	333
331	334
332	392
332	394
332	395
333	334
333	335
333	336
334	394
334	396
334	397
335	336
335	337
335	338
336	396
336	398
336	399
337	338
337	339
337	340
338	398
338	400
338	401
339	340
339	341
339	342
340	400
340	402
340	403
341	342
341	343
341	344
342	402
342	404
342	405
343	344
343	345
343	346
344	404
344	406
344	407
345	346
345	347
345	348
346	406
346	408
346	409
347	348
347	349
347	350
348	408
348	410
348	411
349	350
349	351
349	352
350	410
350	412
350	413
351	352
351	353
351	354
352	412
352	414
352	415
353	354
353	355
353	356
354	414
354	416
354	417
355	356
355	357
355	358
356	416
356	418
356	419
357	358
357	359
357	360
358	418
358	420
358	421
359	360
359	361
359	362
360	420
360	422
360	423
361	362
361	363
361	364
362	422
362	424
362	425
363	364
363	365
363	366
364	424
364	426
364	427
365	366
365	367
365	368
366	426
366	428
366	429
367	368
367	369
367	370
368	428
368	430
368	431
369	370
369	371
369	372
370	430
370	432
370	433
371	372
371	373
371	374
372	432
372	434
372	435
373	374
373	375
373	376
374	434
374	436
374	437
375	376
375	377
376	436
376	438
376	439
377	438
377	440
378	379
378	380
378	381
379	441
379	442
380	381
380	382
380	383
381	441
381	443
381	444
382	383
382	384
382	385
383	443
383	445
383	446
384	385
384	386
384	387
385	445
385	447
385	448
386	387
386	388
386	389
387	447
387	449
387	450
388	389
388	390
388	391
389	449
389	451
389	452
390	391
390	392
390	393
391	451
391	453
391	454
392	393
392	394
392	395
393	453
393	455
393	456
394	395
394	396
394	397
395	455
395	457
395	458
396	397
396	398
396	399
397	457
397	459
397	460
398	399
398	400
398	401
399	459
399	461
399	462
400	401
400	402
400	403
401	461
401	463
401	464
402	403
402	404
402	405
403	463
403	465
403	466
404	405
404	406
404	407
405	465
405	467
405	468
406	407
406	408
406	409
407	467
407	469
407	470
408	409
408	410
408	411
409	469
409	471
409	472
410	411
410	412
410	413
411	471
411	473
411	474
412	413
412	414
412	415
413	473
413	475
413	476
414	415
414	416
414	417
415	475
415	477
415	478
416	417
416	418
416	419
417	477
417	479
417	480
418	419
418	420
418	421
419	479
419	481
419	482
420	421
420	422
420	423
421	481
421	483
421	484
422	423
422	424
422	425
423	483
423	485
423	486
424	425
424	426
424	427
425	485
425	487
425	488
426	427
426	428
426	429
427	487
427	489
427	490
428	429
428	430
428	431
429	489
429	491
429	492
430	431
430	432
430	433
431	491
431	493
431	494
432	433
432	434
432	435
433	493
433	495
433	496
434	435
434	436
434	437
435	495
435	497
435	498
436	437
436	438
436	439
437	497
437	499
437	500
438	439
438	440
439	499
439	501
439	502
440	501
440	503
441	442
441	443
441	444
442	504
442	505
443	444
443	445
443	446
444	504
444	506
444	507
445	446
445	447
445	448
446	506
446	508
446	509
447	448
447	449
447	450
448	508
448	510
448	511
449	450
449	451
449	452
450	510
450	512
450	513
451	452
451	453
451	454
452	512
452	514
452	515
453	454
453	455
453	456
454	514
454	516
454	517
455	456
455	457
455	458
456	516
456	518
456	519
457	458
457	459
457	460
458	518
458	520
458	521
459	460
459	461
459	462
460	520
460	522
460	523
461	462
461	463
461	464
462	522
462	524
462	525
463	464
463	465
463	466
464	524
464	526
464	527
465	466
465	467
465	468
466	526
466	528
466	529
467	468
467	469
467	470
468	528
468	530
468	531
469	470
469	471
469	472
470	530
470	532
470	533
471	472
471	473
471	474
472	532
472	534
472	535
473	474
473	475
473	476
474	534
474	536
474	537
475	476
475	477
475	478
476	536
476	538
476	539
477	478
477	479
477	480
478	538
478	540
478	541
479	480
479	481
479	482
480	540
480	542
480	543
481	482
481	483
481	484
482	542
482	544
482	545
483	484
483	485
483	486
484	544
484	546
484	547
485	486
485	487
485	488
486	546
486	548
486	549
487	488
487	489
487	490
488	548
488	550
488	551
489	490
489	491
489	492
490	550
490	552
490	553
491	492
491	493
491	494
492	552
492	554
492	555
493	494
493	495
493	496
494	554
494	556
494	557
495	496
495	497
495	498
496	556
496	558
496	559
497	498
497	499
497	500
498	558
498	560
498	561
499	500
499	501
499	502
500	560
500	562
500	563
501	502
501	503
502	562
502	564
502	565
503	564
503	566
504	505
504	506
504	507
505	567
505	568
506	507
506	508
506	509
507	567
507	569
507	570
508	509
508	510
508	511
509	569
509	571
509	572
510	511
510	512
510	513
511	571
511	573
511	574
512	513
512	514
512	515
513	573
513	575
513	576
514	515
514	516
514	517
515	575
515	577
515	578
516	517
516	518
516	519
517	577
517	579
517	580
518	519
518	520
518	521
519	579
519	581
519	582
520	521
520	522
520	523
521	581
521	583
521	584
522	523
522	524
522	525
523	583
523	585
523	586
524	525
524	526
524	527
525	585
525	587
525	588
526	527
526	528
526	529
527	587
527	589
527	590
528	529
528	530
528	531
529	589
529	591
529	592
530	531
530	532
530	533
531	591
531	593
531	594
532	533
532	534
532	535
533	593
533	595
533	596
534	535
534	536
534	537
535	595
535	597
535	598
536	537
536	538
536	539
537	597
537	599
537	600
538	539
538	540
538	541
539	599
539	601
539	602
540	541
540	542
540	543
541	601
541	603
541	604
542	543
542	544
542	545
543	603
543	605
543	606
544	545
544	546
544	547
545	605
545	607
545	608
546	547
546	548
546	549
547	607
547	609
547	610
548	549
548	550
548	551
549	609
549	611
549	612
550	551
550	552
550	553
551	611
551	613
551	614
552	553
552	554
552	555
553	613
553	615
553	616
554	555
554	556
554	557
555	615
555	617
555	618
556	557
556	558
556	559
557	617
557	619
557	620
558	559
558	560
558	561
559	619
559	621
559	622
560	561
560	562
560	563
561	621
561	623
561	624
562	563
562	564
562	565
563	623
563	625
563	626
564	565
564	566
565	625
565	627
565	628
566	627
566	629
567	568
567	569
567	570
568	630
568	631
569	570
569	571
569	572
570	630
570	632
570	633
571	572
571	573
571	574
572	632
572	634
572	635
573	574
573	575
573	576
574	634
574	636
574	637
575	576
575	577
575	578
576	636
576	638
576	639
577	578
577	579
577	580
578	638
578	640
578	641
579	580
579	581
579	582
580	640
580	642
580	643
581	582
581	583
581	584
582	642
582	644
582	645
583	584
583	585
583	586
584	644
584	646
584	647
585	586
585	587
585	588
586	646
586	648
586	649
587	588
587	589
587	590
588	648
588	650
588	651
589	590
589	591
589	592
590	650
590	652
590	653
591	592
591	593
591	594
592	652
592	654
592	655
593	594
593	595
593	596
594	654
594	656
594	657
595	596
595	597
595	598
596	656
596	658
596	659
597	598
597	599
597	600
598	658
598	660
598	661
599	600
599	601
599	602
600	660
600	662
600	663
601	602
601	603
601	604
602	662
602	664
602	665
603	604
603	605
603	606
604	664
604	666
604	667
605	606
605	607
605	608
606	666
606	668
606	669
607	608
607	609
607	610
608	668
608	670
608	671
609	610
609	611
609	612
610	670
610	672
610	673
611	612
611	613
611	614
612	672
612	674
612	675
613	614
613	615
613	616
614	674
614	676
614	677
615	616
615	617
615	618
616	676
616	678
616	679
617	618
617	619
617	620
618	678
618	680
618	681
619	620
619	621
619	622
620	680
620	682
620	683
621	622
621	623
621	624
622	682
622	684
622	685
623	624
623	625
623	626
624	684
624	686
624	687
625	626
625	627
625	628
626	686
626	688
626	689
627	628
627	629
628	688
628	690
628	691
629	690
629	692
630	631
630	632
630	633
631	693
631	694
632	633
632	634
632	635
633	693
633	695
633	696
634	635
634	636
634	637
635	695
635	697
635	698
636	637
636	638
636	639
637	697
637	699
637	700
638	639
638	640
638	641
639	699
639	701
639	702
640	641
640	642
640	643
641	701
641	703
641	704
642	643
642	644
642	645
643	703
643	705
643	706
644	645
644	646
644	647
645	705
645	707
645	708
646	647
646	648
646	649
647	707
647	709
647	710
648	649
648	650
648	651
649	709
649	711
649	712
650	651
650	652
650	653
651	711
651	713
651	714
652	653
652	654
652	655
653	713
653	715
653	716
654	655
654	656
654	657
655	715
655	717
655	718
656	657
656	658
656	659
657	717
657	719
657	720
658	659
658	660
658	661
659	719
659	721
659	722
660	661
660	662
660	663
661	721
661	723
661	724
662	663
662	664
662	665
663	723
663	725
663	726
664	665
664	666
664	667
665	725
665	727
665	728
666	667
666	668
666	669
667	727
667	729
667	730
668	669
668	670
668	671
669	729
669	731
669	732
670	671
670	672
670	673
671	731
671	733
671	734
672	673
672	674
672	675
673	733
673	735
673	736
674	675
674	676
674	677
675	735
675	737
675	738
676	677
676	678
676	679
677	737
677	739
677	740
678	679
678	680
678	681
679	739
679	741
679	742
680	681
680	682
680	683
681	741
681	743
681	744
682	683
682	684
682	685
683	743
683	745
683	746
684	685
684	686
684	687
685	745
685	747
685	748
686	687
686	688
686	689
687	747
687	749
687	750
688	689
688	690
688	691
689	749
689	751
689	752
690	691
690	692
691	751
691	753
691	754
692	753
692	755
693	694
693	695
693	696
694	756
694	757
695	696
695	697
695	698
696	756
696	758
696	759
697	698
697	699
697	700
698	758
698	760
698	761
699	700
699	701
699	702
700	760
700	762
700	763
701	702
701	703
701	704
702	762
702	764
702	765
703	704
703	705
703	706
704	764
704	766
704	767
705	706
705	707
705	708
706	766
706	768
706	769
707	708
707	709
707	710
708	768
708	770
708	771
709	710
709	711
709	712
710	770
710	772
710	773
711	712
711	713
711	714
712	772
712	774
712	775
713	714
713	715
713	716
714	774
714	776
714	777
715	716
715	717
715	718
716	776
716	778
716	779
717	718
717	719
717	720
718	778
718	780
718	781
719	720
719	721
719	722
720	780
720	782
720	783
721	722
721	723
721	724
722	782
722	784
722	785
723	724
723	725
723	726
724	784
724	786
724	787
725	726
725	727
725	728
726	786
726	788
726	789
727	728
727	729
727	730
728	788
728	790
728	791
729	730
729	731
729	732
730	790
730	792
730	793
731	732
731	733
731	734
732	792
732	794
732	795
733	734
733	735
733	736
734	794
734	796
734	797
735	736
735	737
735	738
736	796
736	798
736	799
737	738
737	739
737	740
738	798
738	800
738	801
739	740
739	741
739	742
740	800
740	802
740	803
741	742
741	743
741	744
742	802
742	804
742	805
743	744
743	745
743	746
744	804
744	806
744	807
745	746
745	747
745	748
746	806
746	808
746	809
747	748
747	749
747	750
748	808
748	810
748	811
749	750
749	751
749	752
750	810
750	812
750	813
751	752
751	753
751	754
752	812
752	814
752	815
753	754
753	755
754	814
754	816
754	817
755	816
755	818
756	757
756	758
756	759
757	819
757	820
758	759
758	760
758	761
759	819
759	821
759	822
760	761
760	762
760	763
761	821
761	823
761	824
762	763
762	764
762	765
763	823
763	825
763	826
764	765
764	766
764	767
765	825
765	827
765	828
766	767
766	768
766	769
767	827
767	829
767	830
768	769
768	770
768	771
769	829
769	831
769	832
770	771
770	772
770	773
771	831
771	833
771	834
772	773
772	774
772	775
773	833
773	835
773	836
774	775
774	776
774	777
775	835
775	837
775	838
776	777
776	778
776	779
777	837
777	839
777	840
778	779
778	780
778	781
779	839
779	841
779	842
780	781
780	782
780	783
781	841
781	843
781	844
782	783
782	784
782	785
783	843
783	845
783	846
784	785
784	786
784	787
785	845
785	847
785	848
786	787
786	788
786	789
787	847
787	849
787	850
788	789
788	790
788	791
789	849
789	851
789	852
790	791
790	792
790	793
791	851
791	853
791	854
792	793
792	794
792	795
793	853
793	855
793	856
794	795
794	796
794	797
795	855
795	857
795	858
796	797
796	798
796	799
797	857
797	859
797	860
798	799
798	800
798	801
799	859
799	861
799	862
800	801
800	802
800	803
801	861
801	863
801	864
802	803
802	804
802	805
803	863
803	865
803	866
804	805
804	806
804	807
805	865
805	867
805	868
806	807
806	808
806	809
807	867
807	869
807	870
808	809
808	810
808	811
809	869
809	871
809	872
810	811
810	812
810	813
811	871
811	873
811	874
812	813
812	814
812	815
813	873
813	875
813	876
814	815
814	816
814	817
815	875
815	877
815	878
816	817
816	818
817	877
817	879
817	880
818	879
818	881
819	820
819	821
819	822
820	882
820	883
821	822
821	823
821	824
822	882
822	884
822	885
823	824
823	825
823	826
824	884
824	886
824	887
825	826
825	827
825	828
826	886
826	888
826	889
827	828
827	829
827	830
828	888
828	890
828	891
829	830
829	831
829	832
830	890
830	892
830	893
831	832
831	833
831	834
832	892
832	894
832	895
833	834
833	835
833	836
834	894
834	896
834	897
835	836
835	837
835	838
836	896
836	898
836	899
837	838
837	839
837	840
838	898
838	900
838	901
839	840
839	841
839	842
840	900
840	902
840	903
841	842
841	843
841	844
842	902
842	904
842	905
843	844
843	845
843	846
844	904
844	906
844	907
845	846
845	847
845	848
846	906
846	908
846	909
847	848
847	849
847	850
848	908
848	910
848	911
849	850
849	851
849	852
850	910
850	912
850	913
851	852
851	853
851	854
852	912
852	914
852	915
853	854
853	855
853	856
854	914
854	916
854	917
855	856
855	857
855	858
856	916
856	918
856	919
857	858
857	859
857	860
858	918
858	920
858	921
859	860
859	861
859	862
860	920
860	922
860	923
861	862
861	863
861	864
862	922
862	924
862	925
863	864
863	865
863	866
864	924
864	926
864	927
865	866
865	867
865	868
866	926
866	928
866	929
867	868
867	869
867	870
868	928
868	930
868	931
869	870
869	871
869	872
870	930
870	932
870	933
871	872
871	873
871	874
872	932
872	934
872	935
873	874
873	875
873	876
874	934
874	936
874	937
875	876
875	877
875	878
876	936
876	938
876	939
877	878
877	879
877	880
878	938
878	940
878	941
879	880
879	881
880	940
880	942
880	943
881	942
881	944
882	883
882	884
882	885
883	945
884	885
884	886
884	887
885	945
885	946
886	887
886	888
886	889
887	946
887	947
888	889
888	890
888	891
889	947
889	948
890	891
890	892
890	893
891	948
891	949
892	893
892	894
892	895
893	949
893	950
894	895
894	896
894	897
895	950
895	951
896	897
896	898
896	899
897	951
897	952
898	899
898	900
898	901
899	952
899	953
900	901
900	902
900	903
901	953
901	954
902	903
902	904
902	905
903	954
903	955
904	905
904	906
904	907
905	955
905	956
906	907
906	908
906	909
907	956
907	957
908	909
908	910
908	911
909	957
909	958
910	911
910	912
910	913
911	958
911	959
912	913
912	914
912	915
913	959
913	960
914	915
914	916
914	917
915	960
915	961
916	917
916	918
916	919
917	961
917	962
918	919
918	920
918	921
919	962
919	963
920	921
920	922
920	923
921	963
921	964
922	923
922	924
922	925
923	964
923	965
924	925
924	926
924	927
925	965
925	966
926	927
926	928
926	929
927	966
927	967
928	929
928	930
928	931
929	967
929	968
930	931
930	932
930	933
931	968
931	969
932	933
932	934
932	935
933	969
933	970
934	935
934	936
934	937
935	970
935	971
936	937
936	938
936	939
937	971
937	972
938	939
938	940
938	941
939	972
939	973
940	941
940	942
940	943
941	973
941	974
942	943
942	944
943	974
943	975
944	975
945	946
946	947
947	948
948	949
949	950
950	951
951	952
952	953
953	954
954	955
955	956
956	957
957	958
958	959
959	960
960	961
961	962
962	963
963	964
964	965
965	966
966	967
967	968
968	969
969	970
970	971
971	972
972	973
973	974
974	975
