976 	2788 	10 	0.30 	2 

43		19		233		22		0		
-16		66		165		19		0		
173		11		120		17		0		
92		55		152		16		0		
280		17		248		19		0		
222		54		277		18		0		
378		11		166		16		0		
300		50		185		20		0		
461		4		203		19		0		
399		58		170		23		0		
546		-2		161		21		0		
503		39		131		24		0		
656		-14		188		17		8		
606		36		207		18		0		
736		-32		147		19		8		
682		14		127		17		8		
822		-35		189		21		8		
781		31		200		24		8		
923		-11		206		18		8		
886		36		193		22		8		
1039		12		139		20		8		
986		57		199		16		8		
1152		6		257		17		8		
1123		53		225		17		8		
1262		-2		188		17		8		
1189		48		228		24		8		
1364		-1		158		19		8		
1298		51		181		21		8		
1432		0		276		16		9		
1395		48		176		21		8		
1551		-3		258		19		9		
1486		52		230		22		9		
1683		-1		150		22		9		
1635		48		121		17		9		
1781		-5		177		20		7		
1702		43		187		17		7		
1852		-12		188		21		7		
1800		38		163		23		7		
1924		8		214		24		7		
1879		61		125		23		7		
2049		3		200		21		7		
1982		60		140		19		7		
2165		9		188		17		7		
2099		50		273		20		7		
2237		37		133		20		7		
2222		53		165		23		7		
2329		30		268		18		7		
2289		49		157		21		7		
2427		10		243		16		7		
2401		79		179		18		7		
2535		-5		208		18		1		
2493		33		252		23		1		
2648		-9		163		16		1		
2602		71		273		17		1		
2764		-23		201		16		1		
2687		38		132		20		1		
2871		-30		246		21		1		
2814		29		263		16		1		
2971		-23		215		20		1		
2903		39		201		19		1		
3068		-21		165		22		1		
3032		41		124		16		1		
3096		59		243		18		1		
33		102		195		16		0		
-1		149		271		20		0		
140		97		189		16		0		
101		150		270		22		0		
242		87		266		17		0		
191		154		210		17		0		
321		97		142		24		0		
294		132		167		18		0		
442		93		269		24		0		
377		143		259		19		0		
563		78		121		19		0		
508		130		139		24		0		
632		65		264		21		0		
598		129		279		19		0		
728		78		125		17		8		
676		113		270		19		0		
845		103		263		21		8		
792		155		209		23		8		
950		104		123		22		8		
910		145		211		20		8		
1070		98		138		23		8		
1004		153		175		23		8		
1160		95		153		20		8		
1132		125		270		19		8		
1225		101		255		16		8		
1207		137		152		16		8		
1329		101		194		19		8		
1291		170		240		17		8		
1449		101		217		21		8		
1386		136		230		23		8		
1570		104		226		22		9		
1512		160		238		23		9		
1654		93		205		19		7		
1634		158		166		20		7		
1721		86		234		22		7		
1691		131		249		22		7		
1828		111		196		17		7		
1767		136		200		23		7		
1937		113		272		21		7		
1880		153		215		22		7		
2032		107		229		20		7		
2000		149		249		20		7		
2156		94		208		16		7		
2076		141		181		16		7		
2274		65		230		24		7		
2222		139		166		22		7		
2362		98		214		24		1		
2307		134		236		16		7		
2467		102		130		22		1		
2392		142		188		16		7		
2560		110		277		16		1		
2532		127		150		21		1		
2640		119		143		18		1		
2583		170		273		24		1		
2737		91		200		21		1		
2698		144		144		19		1		
2846		99		263		16		1		
2808		134		155		23		1		
2964		103		182		17		1		
2904		140		150		16		1		
3060		121		260		20		1		
3009		164		242		16		1		
3105		167		181		24		1		
66		196		231		22		0		
-1		248		245		20		0		
151		206		158		20		0		
128		250		148		23		0		
243		199		190		21		0		
188		265		166		20		0		
350		178		150		19		0		
306		244		248		22		0		
443		179		248		24		0		
412		239		215		16		0		
543		181		175		19		0		
497		240		280		23		0		
642		178		213		21		0		
603		232		183		21		0		
740		190		199		17		8		
706		237		191		21		0		
857		196		221		20		8		
773		264		207		23		8		
965		193		181		17		8		
937		239		276		17		8		
1066		179		138		16		8		
989		266		255		23		8		
1180		167		125		21		8		
1113		230		157		18		8		
1273		206		262		22		8		
1199		243		271		17		8		
1348		204		154		20		8		
1304		267		249		18		8		
1449		195		226		23		8		
1394		221		151		18		8		
1576		214		178		19		9		
1510		263		213		16		9		
1672		196		249		19		7		
1618		250		254		21		9		
1738		181		132		20		7		
1706		245		193		16		9		
1820		179		196		16		7		
1792		233		230		19		7		
1943		190		269		22		7		
1877		236		126		21		7		
2044		183		124		24		7		
2005		237		159		20		7		
2142		186		154		23		7		
2096		233		197		22		7		
2254		208		164		24		7		
2207		273		165		18		7		
2337		179		242		16		7		
2287		253		191		24		7		
2456		167		230		19		1		
2368		228		169		21		1		
2554		187		203		19		1		
2504		252		205		16		1		
2641		195		193		24		1		
2599		238		273		24		1		
2769		188		235		20		1		
2709		233		156		18		1		
2866		176		218		24		1		
2829		254		269		19		1		
2949		201		247		17		1		
2913		225		149		16		1		
3054		210		132		20		1		
3009		271		245		23		1		
3103		240		127		17		1		
60		302		277		18		0		
12		335		203		21		0		
164		309		219		19		0		
108		353		179		21		0		
250		310		195		18		0		
203		341		164		17		0		
368		305		244		20		0		
287		354		236		22		0		
465		300		238		21		0		
403		343		235		17		0		
556		291		120		16		0		
517		360		178		19		0		
667		291		168		17		0		
618		322		256		19		0		
739		311		272		18		8		
716		354		128		16		8		
852		306		209		18		8		
762		342		158		21		8		
961		312		142		23		8		
935		344		244		17		8		
1036		317		266		24		8		
993		379		184		21		8		
1133		306		195		20		8		
1096		352		176		17		8		
1230		304		176		19		8		
1188		360		222		20		8		
1350		284		134		20		8		
1287		352		249		20		8		
1455		289		149		16		9		
1419		352		145		23		9		
1552		300		212		21		9		
1495		345		220		18		9		
1652		300		188		17		9		
1595		346		204		16		9		
1760		298		162		18		7		
1703		346		262		24		7		
1849		290		170		22		7		
1825		346		205		22		7		
1939		283		188		22		7		
1896		355		176		16		7		
2057		288		241		19		7		
2010		332		185		20		7		
2161		320		269		22		7		
2112		336		205		23		7		
2240		318		280		19		7		
2196		377		173		22		7		
2319		302		223		18		7		
2286		342		130		20		7		
2416		313		220		21		1		
2377		349		249		16		7		
2548		303		124		16		1		
2490		337		171		20		1		
2667		275		212		16		1		
2616		344		127		23		1		
2770		299		143		21		1		
2685		326		131		19		1		
2877		303		265		16		1		
2823		358		182		21		1		
2973		294		256		20		1		
2898		360		257		21		1		
3058		301		165		23		1		
3005		340		262		20		1		
3082		341		150		22		1		
60		387		149		18		0		
0		427		215		22		0		
147		385		155		16		0		
102		437		223		23		0		
240		384		151		17		0		
190		429		182		19		0		
322		392		217		22		0		
284		446		163		21		0		
455		404		250		22		0		
383		454		229		19		0		
579		391		204		22		0		
515		462		254		23		0		
667		385		228		20		8		
623		416		184		23		0		
740		386		136		20		8		
719		452		267		19		8		
845		380		158		24		8		
792		449		144		18		8		
968		411		233		21		8		
894		451		251		20		8		
1053		414		133		22		8		
1020		463		170		23		8		
1151		406		223		17		8		
1092		461		275		17		8		
1244		407		251		19		8		
1213		458		251		19		8		
1356		420		138		18		9		
1282		453		273		17		8		
1459		408		170		17		9		
1432		482		142		24		9		
1538		392		278		19		9		
1502		443		137		21		9		
1645		392		204		18		9		
1572		436		268		21		9		
1768		394		253		19		7		
1689		434		189		19		9		
1871		411		129		22		7		
1801		452		246		21		7		
1967		404		151		16		7		
1914		475		139		19		7		
2065		380		175		18		7		
2015		435		182		23		7		
2146		393		226		20		7		
2107		439		172		17		7		
2242		401		212		20		7		
2177		452		214		20		7		
2345		389		159		16		7		
2297		433		218		19		7		
2451		373		247		20		1		
2393		450		267		23		1		
2557		378		280		17		1		
2502		438		274		19		1		
2633		395		234		16		1		
2595		435		216		24		1		
2738		385		150		20		1		
2685		445		144		19		1		
2845		415		226		17		1		
2813		445		172		23		1		
2931		406		178		19		1		
2906		486		169		20		1		
3030		380		163		20		1		
2989		446		158		23		1		
3080		428		264		18		1		
42		478		196		24		0		
-6		551		239		19		0		
144		482		123		16		0		
97		542		163		22		0		
234		491		196		21		0		
198		544		129		17		0		
345		508		189		21		0		
294		552		150		24		0		
444		512		142		20		0		
398		553		199		16		0		
559		487		270		22		0		
505		566		151		20		0		
675		483		240		18		0		
605		533		228		17		0		
771		515		181		23		8		
717		555		219		18		0		
840		521		162		18		8		
830		570		221		18		8		
946		503		198		24		8		
888		561		197		20		8		
1059		510		234		24		8		
1008		540		139		16		8		
1154		513		154		19		8		
1102		564		123		19		8		
1250		504		231		19		8		
1207		562		206		24		8		
1358		515		263		18		9		
1302		531		256		24		8		
1475		517		143		17		9		
1422		554		133		23		9		
1536		487		233		17		9		
1505		563		254		16		9		
1616		478		234		19		9		
1589		540		147		22		9		
1722		492		257		20		9		
1704		534		233		20		9		
1843		516		279		24		7		
1781		540		271		24		9		
1962		506		262		19		7		
1907		568		155		22		7		
2057		494		142		24		7		
2006		542		199		18		7		
2138		498		152		23		7		
2101		537		160		21		7		
2232		484		222		16		7		
2191		546		155		17		7		
2346		494		248		17		7		
2305		553		158		19		7		
2444		515		142		24		7		
2398		567		201		24		7		
2540		495		137		18		1		
2514		582		237		20		7		
2647		484		147		19		1		
2595		546		123		22		1		
2760		505		144		24		1		
2710		544		135		20		1		
2875		516		175		16		1		
2802		564		204		21		1		
2964		527		162		17		1		
2900		579		129		16		1		
3039		494		269		18		1		
2981		557		256		21		1		
3077		519		207		18		1		
49		615		242		19		2		
2		668		121		23		2		
150		604		255		23		0		
96		660		126		16		0		
258		605		214		22		0		
207		631		168		24		0		
346		597		167		23		0		
307		648		217		16		0		
459		607		234		23		0		
419		655		166		20		0		
551		611		176		19		0		
494		647		243		18		0		
647		605		152		19		0		
584		633		176		22		0		
776		610		148		16		0		
711		664		151		23		0		
878		610		124		16		8		
823		659		255		20		0		
949		597		173		20		8		
897		652		175		17		8		
1050		593		208		17		8		
1006		630		122		16		8		
1155		613		241		18		8		
1114		647		229		23		8		
1259		589		241		19		8		
1212		664		210		21		9		
1366		570		134		19		9		
1307		638		260		21		9		
1452		600		242		20		9		
1388		652		256		19		6		
1558		616		269		20		6		
1500		674		186		23		6		
1677		596		185		18		9		
1613		653		249		22		6		
1764		582		218		21		9		
1715		622		121		19		9		
1845		592		218		20		7		
1802		647		133		16		9		
1951		604		260		24		7		
1909		648		145		24		7		
2050		584		244		23		7		
1993		645		183		16		9		
2155		585		178		21		7		
2115		645		202		17		7		
2264		616		222		23		7		
2203		668		196		17		7		
2357		626		163		23		7		
2321		646		224		23		7		
2468		633		206		23		7		
2391		665		218		21		7		
2569		633		171		19		7		
2494		665		191		21		7		
2658		606		279		24		1		
2603		679		174		18		7		
2752		603		208		17		1		
2701		638		160		21		1		
2828		627		280		17		1		
2795		648		220		18		1		
2917		609		169		17		1		
2899		680		278		24		1		
3019		582		268		20		1		
2987		619		179		23		1		
3096		639		271		19		3		
49		713		239		19		2		
-12		781		239		16		2		
153		687		156		24		0		
112		768		128		19		2		
257		674		265		20		0		
181		741		147		22		2		
380		705		161		24		0		
324		738		237		18		0		
454		695		194		17		0		
409		763		176		24		0		
527		668		220		18		0		
499		737		121		18		0		
647		692		197		24		0		
596		735		194		19		0		
758		713		254		23		0		
715		762		203		21		0		
843		701		268		22		4		
809		759		135		18		0		
954		685		130		21		8		
887		747		268		22		4		
1070		684		276		24		9		
1006		743		257		18		8		
1171		698		259		16		9		
1102		760		248		21		9		
1260		714		227		19		9		
1219		754		215		24		6		
1329		720		195		21		6		
1287		757		128		17		6		
1436		726		123		18		6		
1379		761		170		23		6		
1555		711		152		16		6		
1504		765		150		17		6		
1650		679		243		20		6		
1613		739		192		17		6		
1753		687		157		24		6		
1698		742		197		18		6		
1867		702		145		17		9		
1805		761		197		23		6		
1952		689		265		22		7		
1917		735		143		24		9		
2058		706		220		22		7		
2012		737		132		23		9		
2164		728		169		17		7		
2116		761		130		22		5		
2261		698		125		18		7		
2203		761		164		16		7		
2355		685		199		22		7		
2305		735		216		22		7		
2417		696		144		22		7		
2383		774		170		24		7		
2528		710		192		16		7		
2477		762		251		17		7		
2646		711		235		23		7		
2596		773		234		20		7		
2743		683		223		23		1		
2714		748		229		24		7		
2866		701		267		24		1		
2809		737		129		22		1		
2969		690		263		17		3		
2920		762		203		20		3		
3064		676		162		24		3		
3022		714		187		21		3		
3109		758		166		17		3		
51		835		176		23		2		
15		861		257		20		2		
140		822		122		23		2		
87		871		122		22		2		
248		805		272		22		2		
191		874		182		18		2		
353		796		195		22		0		
300		844		272		19		2		
454		806		232		21		0		
387		868		123		16		2		
568		804		180		22		0		
523		871		210		19		2		
664		804		205		19		0		
593		868		249		21		0		
766		808		277		18		4		
714		855		250		23		4		
853		806		204		16		0		
804		847		214		16		4		
939		805		125		20		4		
910		835		171		16		4		
1039		819		192		19		4		
987		838		231		23		4		
1151		815		180		23		6		
1118		856		184		23		4		
1246		797		215		17		6		
1210		864		238		19		6		
1336		798		232		16		6		
1281		845		169		21		6		
1447		801		129		19		6		
1392		861		139		24		6		
1562		793		275		23		6		
1513		870		175		24		6		
1661		802		238		17		6		
1618		847		245		18		6		
1750		817		141		19		6		
1708		846		272		21		6		
1855		794		253		21		6		
1790		835		210		20		6		
1978		783		168		21		9		
1902		844		130		24		6		
2070		793		143		22		5		
2003		837		243		16		9		
2155		794		177		18		5		
2093		846		160		22		5		
2247		797		224		21		5		
2216		838		133		18		5		
2332		824		145		16		7		
2286		856		255		20		5		
2443		839		124		22		7		
2410		864		250		24		5		
2545		825		254		17		7		
2503		873		200		20		7		
2664		810		210		18		7		
2600		840		232		21		7		
2779		802		261		23		3		
2724		863		148		18		3		
2863		798		234		24		3		
2797		853		146		18		3		
2973		786		201		23		3		
2914		849		203		19		3		
3067		796		249		19		3		
3032		830		261		23		3		
3110		845		197		20		3		
51		897		254		20		2		
18		938		274		17		2		
138		923		188		16		2		
78		979		250		16		2		
243		913		241		22		2		
196		964		223		20		2		
335		916		166		24		2		
308		957		187		21		2		
456		933		136		18		2		
406		953		206		24		2		
548		935		245		24		2		
512		955		275		20		2		
644		919		197		16		4		
602		966		198		20		2		
752		894		203		23		4		
708		950		151		24		4		
861		876		271		23		4		
782		935		129		18		4		
959		868		227		23		4		
900		932		123		24		4		
1067		875		123		19		4		
993		929		208		23		4		
1177		905		241		21		6		
1119		948		126		23		4		
1244		912		241		19		6		
1193		954		273		16		6		
1337		908		187		24		6		
1282		963		169		18		6		
1458		930		279		19		6		
1395		968		145		18		6		
1569		924		273		20		6		
1513		978		232		19		6		
1665		890		271		19		6		
1620		944		257		22		6		
1748		864		279		20		6		
1702		943		152		16		6		
1837		885		173		20		6		
1785		925		243		17		6		
1927		898		196		17		5		
1880		939		204		24		5		
2026		891		155		22		5		
1960		936		231		22		5		
2154		890		228		16		5		
2101		955		254		19		5		
2255		896		140		19		5		
2224		928		241		20		5		
2364		896		268		22		5		
2295		956		155		23		5		
2470		897		147		22		7		
2429		942		177		19		5		
2558		888		231		24		7		
2497		965		240		24		3		
2660		892		235		20		3		
2624		926		227		18		3		
2742		914		225		22		3		
2700		947		189		17		3		
2847		904		139		20		3		
2807		966		200		17		3		
2973		893		122		16		3		
2912		946		135		21		3		
3075		879		194		22		3		
3034		950		237		20		3		
3101		941		135		20		3		
45		1020		136		22		2		
-4		1036		141		21		2		
135		1020		211		20		2		
85		1091		188		24		2		
260		1008		250		24		2		
180		1029		260		21		2		
379		994		233		16		2		
316		1052		172		19		2		
463		975		207		18		2		
431		1051		248		23		2		
566		987		216		21		2		
493		1040		248		18		2		
666		997		173		23		4		
632		1048		241		17		2		
738		991		278		16		4		
685		1047		185		20		4		
821		991		129		19		4		
783		1025		262		21		4		
935		993		270		21		4		
907		1049		236		21		4		
1046		1002		249		16		6		
984		1037		133		16		4		
1135		998		248		17		6		
1098		1046		271		17		4		
1231		1006		256		24		6		
1181		1036		215		22		4		
1340		1023		240		19		6		
1286		1051		155		22		6		
1449		1015		222		17		6		
1390		1076		185		17		6		
1564		998		269		20		6		
1484		1058		244		22		6		
1657		997		193		17		6		
1612		1016		140		17		6		
1739		1004		187		21		6		
1714		1067		189		18		6		
1828		979		254		23		5		
1796		1036		165		23		5		
1913		977		173		20		5		
1881		1040		239		16		5		
2035		1001		220		18		5		
1977		1047		202		24		5		
2170		993		216		24		5		
2114		1057		168		17		5		
2263		988		229		20		5		
2223		1025		169		20		5		
2360		1002		272		20		5		
2278		1045		171		19		5		
2456		1010		266		19		5		
2416		1053		144		19		5		
2563		1003		194		21		3		
2491		1073		166		24		3		
2664		980		164		20		3		
2640		1057		272		23		3		
2766		998		150		22		3		
2689		1053		177		23		3		
2872		1007		175		24		3		
2807		1071		144		21		3		
2974		1003		259		17		3		
2914		1044		122		19		3		
3060		1012		193		22		3		
3045		1074		211		18		3		
3098		1051		262		18		3		
36		1107		230		21		2		
10		1134		237		18		2		
129		1100		258		22		2		
101		1182		205		24		2		
235		1073		267		22		2		
197		1126		160		17		2		
368		1110		239		23		2		
298		1133		236		19		2		
462		1116		173		18		2		
420		1168		157		21		2		
559		1101		156		16		2		
484		1132		155		21		2		
651		1098		212		18		2		
620		1162		234		24		2		
731		1082		175		16		4		
674		1136		139		23		2		
869		1083		244		19		4		
793		1112		131		18		4		
956		1093		247		18		4		
921		1157		275		24		4		
1036		1080		242		19		4		
1001		1140		207		17		4		
1143		1084		259		23		4		
1110		1129		243		23		4		
1236		1081		201		16		6		
1190		1144		160		18		4		
1336		1104		128		24		6		
1282		1113		247		19		6		
1425		1119		228		20		6		
1379		1172		180		23		6		
1533		1076		271		21		6		
1463		1170		196		16		6		
1669		1085		254		18		6		
1605		1116		231		20		6		
1771		1098		126		18		5		
1723		1150		157		19		5		
1849		1097		138		24		5		
1794		1145		160		24		5		
1944		1110		146		18		5		
1888		1144		146		18		5		
2056		1103		208		22		5		
2017		1129		128		22		5		
2167		1089		132		16		5		
2112		1161		238		22		5		
2238		1083		160		19		5		
2216		1149		138		18		5		
2334		1097		239		22		5		
2259		1148		165		23		5		
2451		1116		130		18		3		
2402		1153		231		19		3		
2568		1126		184		19		3		
2501		1172		231		20		3		
2665		1129		143		16		3		
2631		1154		147		18		3		
2730		1126		219		22		3		
2670		1162		240		20		3		
2849		1108		216		23		3		
2782		1162		133		20		3		
2985		1115		174		19		3		
2927		1142		145		22		3		
3083		1113		225		20		3		
3015		1180		260		19		3		
3102		1140		162		22		3		
75		1210		254		20		2		
11		1266		191		24		2		
169		1209		253		17		2		
110		1255		143		23		2		
260		1187		225		23		2		
222		1235		268		20		2		
350		1192		175		22		2		
293		1251		162		23		2		
442		1184		163		17		2		
395		1255		127		21		2		
545		1193		198		21		2		
487		1229		279		23		2		
642		1199		153		16		2		
611		1252		225		18		2		
736		1166		246		16		4		
687		1228		218		18		4		
846		1186		189		19		4		
816		1222		253		17		4		
967		1204		224		23		4		
909		1267		247		16		4		
1076		1189		208		21		4		
1010		1247		249		21		4		
1157		1189		120		21		4		
1110		1241		164		23		4		
1236		1176		127		19		4		
1209		1236		233		17		4		
1325		1181		148		22		4		
1292		1224		248		16		4		
1417		1223		188		17		6		
1399		1249		165		22		6		
1536		1210		157		23		6		
1481		1270		121		19		6		
1660		1181		180		17		6		
1599		1244		192		23		6		
1746		1197		183		24		6		
1702		1230		260		23		5		
1833		1192		147		16		5		
1793		1249		128		24		5		
1961		1163		152		23		5		
1911		1244		272		17		5		
2073		1187		255		18		5		
2021		1239		239		17		5		
2162		1221		239		19		5		
2107		1264		138		20		5		
2238		1215		268		24		5		
2221		1250		273		19		5		
2327		1204		178		24		3		
2276		1247		166		20		5		
2452		1209		259		18		3		
2375		1271		187		24		3		
2564		1200		209		23		3		
2514		1269		211		24		3		
2635		1186		171		19		3		
2626		1240		165		23		3		
2722		1198		140		22		3		
2676		1232		221		23		3		
2861		1196		185		23		3		
2802		1260		220		18		3		
2957		1207		213		20		3		
2909		1250		186		18		3		
3035		1207		157		18		3		
2995		1277		121		22		3		
3107		1243		202		16		3		
46		1311		268		23		2		
-10		1362		232		23		2		
163		1281		219		19		2		
91		1349		259		18		2		
255		1299		224		22		2		
210		1321		173		16		2		
338		1315		194		21		2		
299		1370		247		20		2		
440		1300		260		16		2		
404		1371		276		22		2		
553		1288		244		23		2		
506		1368		165		24		2		
655		1281		167		16		2		
611		1360		267		17		2		
766		1284		206		19		4		
693		1338		162		24		4		
879		1303		270		17		4		
821		1360		131		20		4		
953		1310		261		20		4		
932		1356		244		21		4		
1044		1299		208		20		4		
985		1352		275		24		4		
1162		1288		185		19		4		
1098		1332		259		16		4		
1265		1284		155		24		4		
1207		1355		238		20		4		
1366		1292		180		19		4		
1288		1347		220		24		4		
1463		1295		275		16		6		
1423		1333		279		23		6		
1544		1303		213		22		6		
1488		1358		273		20		6		
1641		1293		280		22		6		
1609		1349		153		21		6		
1749		1281		184		19		5		
1714		1354		199		21		6		
1872		1300		233		24		5		
1802		1327		203		20		5		
1972		1320		249		19		5		
1920		1360		257		24		5		
2056		1316		195		17		5		
1998		1376		271		23		5		
2166		1293		127		16		5		
2100		1362		153		22		5		
2259		1282		155		22		5		
2229		1345		198		23		5		
2324		1313		123		24		5		
2316		1354		139		22		5		
2436		1331		264		19		3		
2373		1383		250		21		3		
2576		1309		220		17		3		
2509		1361		274		20		3		
2666		1285		248		23		3		
2617		1331		240		18		3		
2756		1294		235		18		3		
2703		1346		255		17		3		
2851		1314		262		22		3		
2795		1365		161		21		3		
2947		1320		156		17		3		
2902		1370		176		23		3		
3067		1313		276		23		3		
2995		1376		182		21		3		
3103		1336		126		19		3		
35		1401		217		16		2		
7		1436		277		22		2		
138		1390		126		21		2		
104		1433		278		20		2		
254		1392		166		18		2		
221		1422		203		20		2		
365		1426		258		22		2		
305		1456		124		19		2		
471		1439		252		20		2		
416		1449		184		17		2		
565		1440		178		24		4		
525		1482		158		24		4		
649		1416		124		22		4		
599		1452		163		16		4		
748		1414		229		24		4		
717		1449		241		23		4		
874		1414		262		22		4		
797		1455		240		20		4		
964		1398		134		21		4		
926		1448		157		20		4		
1038		1385		188		23		4		
1005		1449		152		16		4		
1143		1400		135		22		4		
1104		1450		127		16		4		
1231		1418		179		21		4		
1196		1485		138		19		4		
1345		1387		186		24		4		
1289		1447		159		18		4		
1448		1396		127		16		6		
1421		1432		155		23		6		
1554		1404		253		21		6		
1475		1449		140		22		6		
1683		1410		157		18		6		
1622		1420		171		19		6		
1767		1400		132		18		5		
1720		1460		186		21		6		
1851		1387		276		16		5		
1792		1425		162		18		5		
1947		1416		228		17		5		
1920		1435		257		20		5		
2042		1422		265		20		5		
2007		1449		220		22		5		
2162		1414		126		24		5		
2097		1476		159		16		5		
2286		1417		181		16		5		
2237		1454		130		20		5		
2365		1424		245		21		5		
2329		1458		186		21		5		
2446		1413		142		18		5		
2402		1462		262		23		5		
2550		1383		144		18		3		
2515		1433		280		22		3		
2654		1391		169		20		3		
2607		1440		166		17		3		
2742		1417		162		18		3		
2691		1455		195		23		3		
2846		1421		206		24		3		
2790		1453		241		22		3		
2950		1426		262		20		3		
2907		1467		148		18		3		
3032		1399		248		20		3		
3001		1467		231		20		3		
3088		1460		273		18		3		
76		1468		252		21		2		
187		1465		178		24		2		
272		1486		247		16		2		
356		1479		192		24		2		
470		1492		174		17		4		
559		1495		210		18		4		
667		1485		186		19		4		
767		1489		211		17		4		
849		1489		231		23		4		
967		1499		215		19		4		
1071		1514		250		22		4		
1157		1535		131		19		4		
1254		1514		240		20		4		
1364		1491		235		21		6		
1447		1485		204		22		6		
1543		1464		255		21		6		
1660		1469		173		17		6		
1745		1485		253		23		6		
1861		1472		271		22		5		
1980		1468		129		20		5		
2062		1503		134		21		5		
2172		1516		123		16		5		
2280		1495		262		20		5		
2367		1496		240		18		5		
2471		1482		165		16		5		
2571		1490		152		23		3		
2644		1504		251		23		3		
2739		1491		225		18		3		
2851		1499		135		21		3		
2958		1507		264		16		3		
3057		1527		147		21		3		

0	1
0	2
0	3
1	63
1	64
2	3
2	4
2	5
3	63
3	65
3	66
4	5
4	6
4	7
5	65
5	67
5	68
6	7
6	8
6	9
7	67
7	69
7	70
8	9
8	10
8	11
9	69
9	71
9	72
10	11
10	12
10	13
11	71
11	73
11	74
12	13
12	14
12	15
13	73
13	75
13	76
14	15
14	16
14	17
15	75
15	77
15	78
16	17
16	18
16	19
17	77
17	79
17	80
18	19
18	20
18	21
19	79
19	81
19	82
20	21
20	22
20	23
21	81
21	83
21	84
22	23
22	24
22	25
23	83
23	85
23	86
24	25
24	26
24	27
25	85
25	87
25	88
26	27
26	28
26	29
27	87
27	89
27	90
28	29
28	30
28	31
29	89
29	91
29	92
30	31
30	32
30	33
31	91
31	93
31	94
32	33
32	34
32	35
33	93
33	95
33	96
34	35
34	36
34	37
35	95
35	97
35	98
36	37
36	38
36	39
37	97
37	99
37	100
38	39
38	40
38	41
39	99
39	101
39	102
40	41
40	42
40	43
41	101
41	103
41	104
42	43
42	44
42	45
43	103
43	105
43	106
44	45
44	46
44	47
45	105
45	107
45	108
46	47
46	48
46	49
47	107
47	109
47	110
48	49
48	50
48	51
49	109
49	111
49	112
50	51
50	52
50	53
51	111
51	113
51	114
52	53
52	54
52	55
53	113
53	115
53	116
54	55
54	56
54	57
55	115
55	117
55	118
56	57
56	58
56	59
57	117
57	119
57	120
58	59
58	60
58	61
59	119
59	121
59	122
60	61
60	62
61	121
61	123
61	124
62	123
62	125
63	64
63	65
63	66
64	126
64	127
65	66
65	67
65	68
66	126
66	128
66	129
67	68
67	69
67	70
68	128
68	130
68	131
69	70
69	71
69	72
70	130
70	132
70	133
71	72
71	73
71	74
72	132
72	134
72	135
73	74
73	75
73	76
74	134
74	136
74	137
75	76
75	77
75	78
76	136
76	138
76	139
77	78
77	79
77	80
78	138
78	140
78	141
79	80
79	81
79	82
80	140
80	142
80	143
81	82
81	83
81	84
82	142
82	144
82	145
83	84
83	85
83	86
84	144
84	146
84	147
85	86
85	87
85	88
86	146
86	148
86	149
87	88
87	89
87	90
88	148
88	150
88	151
89	90
89	91
89	92
90	150
90	152
90	153
91	92
91	93
91	94
92	152
92	154
92	155
93	94
93	95
93	96
94	154
94	156
94	157
95	96
95	97
95	98
96	156
96	158
96	159
97	98
97	99
97	100
98	158
98	160
98	161
99	100
99	101
99	102
100	160
100	162
100	163
101	102
101	103
101	104
102	162
102	164
102	165
103	104
103	105
103	106
104	164
104	166
104	167
105	106
105	107
105	108
106	166
106	168
106	169
107	108
107	109
107	110
108	168
108	170
108	171
109	110
109	111
109	112
110	170
110	172
110	173
111	112
111	113
111	114
112	172
112	174
112	175
113	114
113	115
113	116
114	174
114	176
114	177
115	116
115	117
115	118
116	176
116	178
116	179
117	118
117	119
117	120
118	178
118	180
118	181
119	120
119	121
119	122
120	180
120	182
120	183
121	122
121	123
121	124
122	182
122	184
122	185
123	124
123	125
124	184
124	186
124	187
125	186
125	188
126	127
126	128
126	129
127	189
127	190
128	129
128	130
128	131
129	189
129	191
129	192
130	131
130	132
130	133
131	191
131	193
131	194
132	133
132	134
132	135
133	193
133	195
133	196
134	135
134	136
134	137
135	195
135	197
135	198
136	137
136	138
136	139
137	197
137	199
137	200
138	139
138	140
138	141
139	199
139	201
139	202
140	141
140	142
140	143
141	201
141	203
141	204
142	143
142	144
142	145
143	203
143	205
143	206
144	145
144	146
144	147
145	205
145	207
145	208
146	147
146	148
146	149
147	207
147	209
147	210
148	149
148	150
148	151
149	209
149	211
149	212
150	151
150	152
150	153
151	211
151	213
151	214
152	153
152	154
152	155
153	213
153	215
153	216
154	155
154	156
154	157
155	215
155	217
155	218
156	157
156	158
156	159
157	217
157	219
157	220
158	159
158	160
158	161
159	219
159	221
159	222
160	161
160	162
160	163
161	221
161	223
161	224
162	163
162	164
162	165
163	223
163	225
163	226
164	165
164	166
164	167
165	225
165	227
165	228
166	167
166	168
166	169
167	227
167	229
167	230
168	169
168	170
168	171
169	229
169	231
169	232
170	171
170	172
170	173
171	231
171	233
171	234
172	173
172	174
172	175
173	233
173	235
173	236
174	175
174	176
174	177
175	235
175	237
175	238
176	177
176	178
176	179
177	237
177	239
177	240
178	179
178	180
178	181
179	239
179	241
179	242
180	181
180	182
180	183
181	241
181	243
181	244
182	183
182	184
182	185
183	243
183	245
183	246
184	185
184	186
184	187
185	245
185	247
185	248
186	187
186	188
187	247
187	249
187	250
188	249
188	251
189	190
189	191
189	192
190	252
190	253
191	192
191	193
191	194
192	252
192	254
192	255
193	194
193	195
193	196
194	254
194	256
194	257
195	196
195	197
195	198
196	256
196	258
196	259
197	198
197	199
197	200
198	258
198	260
198	261
199	200
199	201
199	202
200	260
200	262
200	263
201	202
201	203
201	204
202	262
202	264
202	265
203	204
203	205
203	206
204	264
204	266
204	267
205	206
205	207
205	208
206	266
206	268
206	269
207	208
207	209
207	210
208	268
208	270
208	271
209	210
209	211
209	212
210	270
210	272
210	273
211	212
211	213
211	214
212	272
212	274
212	275
213	214
213	215
213	216
214	274
214	276
214	277
215	216
215	217
215	218
216	276
216	278
216	279
217	218
217	219
217	220
218	278
218	280
218	281
219	220
219	221
219	222
220	280
220	282
220	283
221	222
221	223
221	224
222	282
222	284
222	285
223	224
223	225
223	226
224	284
224	286
224	287
225	226
225	227
225	228
226	286
226	288
226	289
227	228
227	229
227	230
228	288
228	290
228	291
229	230
229	231
229	232
230	290
230	292
230	293
231	232
231	233
231	234
232	292
232	294
232	295
233	234
233	235
233	236
234	294
234	296
234	297
235	236
235	237
235	238
236	296
236	298
236	299
237	238
237	239
237	240
238	298
238	300
238	301
239	240
239	241
239	242
240	300
240	302
240	303
241	242
241	243
241	244
242	302
242	304
242	305
243	244
243	245
243	246
244	304
244	306
244	307
245	246
245	247
245	248
246	306
246	308
246	309
247	248
247	249
247	250
248	308
248	310
248	311
249	250
249	251
250	310
250	312
250	313
251	312
251	314
252	253
252	254
252	255
253	315
253	316
254	255
254	256
254	257
255	315
255	317
255	318
256	257
256	258
256	259
257	317
257	319
257	320
258	259
258	260
258	261
259	319
259	321
259	322
260	261
260	262
260	263
261	321
261	323
261	324
262	263
262	264
262	265
263	323
263	325
263	326
264	265
264	266
264	267
265	325
265	327
265	328
266	267
266	268
266	269
267	327
267	329
267	330
268	269
268	270
268	271
269	329
269	331
269	332
270	271
270	272
270	273
271	331
271	333
271	334
272	273
272	274
272	275
273	333
273	335
273	336
274	275
274	276
274	277
275	335
275	337
275	338
276	277
276	278
276	279
277	337
277	339
277	340
278	279
278	280
278	281
279	339
279	341
279	342
280	281
280	282
280	283
281	341
281	343
281	344
282	283
282	284
282	285
283	343
283	345
283	346
284	285
284	286
284	287
285	345
285	347
285	348
286	287
286	288
286	289
287	347
287	349
287	350
288	289
288	290
288	291
289	349
289	351
289	352
290	291
290	292
290	293
291	351
291	353
291	354
292	293
292	294
292	295
293	353
293	355
293	356
294	295
294	296
294	297
295	355
295	357
295	358
296	297
296	298
296	299
297	357
297	359
297	360
298	299
298	300
298	301
299	359
299	361
299	362
300	301
300	302
300	303
301	361
301	363
301	364
302	303
302	304
302	305
303	363
303	365
303	366
304	305
304	306
304	307
305	365
305	367
305	368
306	307
306	308
306	309
307	367
307	369
307	370
308	309
308	310
308	311
309	369
309	371
309	372
310	311
310	312
310	313
311	371
311	373
311	374
312	313
312	314
313	373
313	375
313	376
314	375
314	377
315	316
315	317
315	318
316	378
316	379
317	318
317	319
317	320
318	378
318	380
318	381
319	320
319	321
319	322
320	380
320	382
320	383
321	322
321	323
321	324
322	382
322	384
322	385
323	324
323	325
323	326
324	384
324	386
324	387
325	326
325	327
325	328
326	386
326	388
326	389
327	328
327	329
327	330
328	388
328	390
328	391
329	330
329	331
329	332
330	390
330	392
330	393
331	332
331	333
331	334
332	392
332	394
332	395
333	334
333	335
333	336
334	394
334	396
334	397
335	336
335	337
335	338
336	396
336	398
336	399
337	338
337	339
337	340
338	398
338	400
338	401
339	340
339	341
339	342
340	400
340	402
340	403
341	342
341	343
341	344
342	402
342	404
342	405
343	344
343	345
343	346
344	404
344	406
344	407
345	346
345	347
345	348
346	406
346	408
346	409
347	348
347	349
347	350
348	408
348	410
348	411
349	350
349	351
349	352
350	410
350	412
350	413
351	352
351	353
351	354
352	412
352	414
352	415
353	354
353	355
353	356
354	414
354	416
354	417
355	356
355	357
355	358
356	416
356	418
356	419
357	358
357	359
357	360
358	418
358	420
358	421
359	360
359	361
359	362
360	420
360	422
360	423
361	362
361	363
361	364
362	422
362	424
362	425
363	364
363	365
363	366
364	424
364	426
364	427
365	366
365	367
365	368
366	426
366	428
366	429
367	368
367	369
367	370
368	428
368	430
368	431
369	370
369	371
369	372
370	430
370	432
370	433
371	372
371	373
371	374
372	432
372	434
372	435
373	374
373	375
373	376
374	434
374	436
374	437
375	376
375	377
376	436
376	438
376	439
377	438
377	440
378	379
378	380
378	381
379	441
379	442
380	381
380	382
380	383
381	441
381	443
381	444
382	383
382	384
382	385
383	443
383	445
383	446
384	385
384	386
384	387
385	445
385	447
385	448
386	387
386	388
386	389
387	447
387	449
387	450
388	389
388	390
388	391
389	449
389	451
389	452
390	391
390	392
390	393
391	451
391	453
391	454
392	393
392	394
392	395
393	453
393	455
393	456
394	395
394	396
394	397
395	455
395	457
395	458
396	397
396	398
396	399
397	457
397	459
397	460
398	399
398	400
398	401
399	459
399	461
399	462
400	401
400	402
400	403
401	461
401	463
401	464
402	403
402	404
402	405
403	463
403	465
403	466
404	405
404	406
404	407
405	465
405	467
405	468
406	407
406	408
406	409
407	467
407	469
407	470
408	409
408	410
408	411
409	469
409	471
409	472
410	411
410	412
410	413
411	471
411	473
411	474
412	413
412	414
412	415
413	473
413	475
413	476
414	415
414	416
414	417
415	475
415	477
415	478
416	417
416	418
416	419
417	477
417	479
417	480
418	419
418	420
418	421
419	479
419	481
419	482
420	421
420	422
420	423
421	481
421	483
421	484
422	423
422	424
422	425
423	483
423	485
423	486
424	425
424	426
424	427
425	485
425	487
425	488
426	427
426	428
426	429
427	487
427	489
427	490
428	429
428	430
428	431
429	489
429	491
429	492
430	431
430	432
430	433
431	491
431	493
431	494
432	433
432	434
432	435
433	493
433	495
433	496
434	435
434	436
434	437
435	495
435	497
435	498
436	437
436	438
436	439
437	497
437	499
437	500
438	439
438	440
439	499
439	501
439	502
440	501
440	503
441	442
441	443
441	444
442	504
442	505
443	444
443	445
443	446
444	504
444	506
444	507
445	446
445	447
445	448
446	506
446	508
446	509
447	448
447	449
447	450
448	508
448	510
448	511
449	450
449	451
449	452
450	510
450	512
450	513
451	452
451	453
451	454
452	512
452	514
452	515
453	454
453	455
453	456
454	514
454	516
454	517
455	456
455	457
455	458
456	516
456	518
456	519
457	458
457	459
457	460
458	518
458	520
458	521
459	460
459	461
459	462
460	520
460	522
460	523
461	462
461	463
461	464
462	522
462	524
462	525
463	464
463	465
463	466
464	524
464	526
464	527
465	466
465	467
465	468
466	526
466	528
466	529
467	468
467	469
467	470
468	528
468	530
468	531
469	470
469	471
469	472
470	530
470	532
470	533
471	472
471	473
471	474
472	532
472	534
472	535
473	474
473	475
473	476
474	534
474	536
474	537
475	476
475	477
475	478
476	536
476	538
476	539
477	478
477	479
477	480
478	538
478	540
478	541
479	480
479	481
479	482
480	540
480	542
480	543
481	482
481	483
481	484
482	542
482	544
482	545
483	484
483	485
483	486
484	544
484	546
484	547
485	486
485	487
485	488
486	546
486	548
486	549
487	488
487	489
487	490
488	548
488	550
488	551
489	490
489	491
489	492
490	550
490	552
490	553
491	492
491	493
491	494
492	552
492	554
492	555
493	494
493	495
493	496
494	554
494	556
494	557
495	496
495	497
495	498
496	556
496	558
496	559
497	498
497	499
497	500
498	558
498	560
498	561
499	500
499	501
499	502
500	560
500	562
500	563
501	502
501	503
502	562
502	564
502	565
503	564
503	566
504	505
504	506
504	507
505	567
505	568
506	507
506	508
506	509
507	567
507	569
507	570
508	509
508	510
508	511
509	569
509	571
509	572
510	511
510	512
510	513
511	571
511	573
511	574
512	513
512	514
512	515
513	573
513	575
513	576
514	515
514	516
514	517
515	575
515	577
515	578
516	517
516	518
516	519
517	577
517	579
517	580
518	519
518	520
518	521
519	579
519	581
519	582
520	521
520	522
520	523
521	581
521	583
521	584
522	523
522	524
522	525
523	583
523	585
523	586
524	525
524	526
524	527
525	585
525	587
525	588
526	527
526	528
526	529
527	587
527	589
527	590
528	529
528	530
528	531
529	589
529	591
529	592
530	531
530	532
530	533
531	591
531	593
531	594
532	533
532	534
532	535
533	593
533	595
533	596
534	535
534	536
534	537
535	595
535	597
535	598
536	537
536	538
536	539
537	597
537	599
537	600
538	539
538	540
538	541
539	599
539	601
539	602
540	541
540	542
540	543
541	601
541	603
541	604
542	543
542	544
542	545
543	603
543	605
543	606
544	545
544	546
544	547
545	605
545	607
545	608
546	547
546	548
546	549
547	607
547	609
547	610
548	549
548	550
548	551
549	609
549	611
549	612
550	551
550	552
550	553
551	611
551	613
551	614
552	553
552	554
552	555
553	613
553	615
553	616
554	555
554	556
554	557
555	615
555	617
555	618
556	557
556	558
556	559
557	617
557	619
557	620
558	559
558	560
558	561
559	619
559	621
559	622
560	561
560	562
560	563
561	621
561	623
561	624
562	563
562	564
562	565
563	623
563	625
563	626
564	565
564	566
565	625
565	627
565	628
566	627
566	629
567	568
567	569
567	570
568	630
568	631
569	570
569	571
569	572
570	630
570	632
570	633
571	572
571	573
571	574
572	632
572	634
572	635
573	574
573	575
573	576
574	634
574	636
574	637
575	576
575	577
575	578
576	636
576	638
576	639
577	578
577	579
577	580
578	638
578	640
578	641
579	580
579	581
579	582
580	640
580	642
580	643
581	582
581	583
581	584
582	642
582	644
582	645
583	584
583	585
583	586
584	644
584	646
584	647
585	586
585	587
585	588
586	646
586	648
586	649
587	588
587	589
587	590
588	648
588	650
588	651
589	590
589	591
589	592
590	650
590	652
590	653
591	592
591	593
591	594
592	652
592	654
592	655
593	594
593	595
593	596
594	654
594	656
594	657
595	596
595	597
595	598
596	656
596	658
596	659
597	598
597	599
597	600
598	658
598	660
598	661
599	600
599	601
599	602
600	660
600	662
600	663
601	602
601	603
601	604
602	662
602	664
602	665
603	604
603	605
603	606
604	664
604	666
604	667
605	606
605	607
605	608
606	666
606	668
606	669
607	608
607	609
607	610
608	668
608	670
608	671
609	610
609	611
609	612
610	670
610	672
610	673
611	612
611	613
611	614
612	672
612	674
612	675
613	614
613	615
613	616
614	674
614	676
614	677
615	616
615	617
615	618
616	676
616	678
616	679
617	618
617	619
617	620
618	678
618	680
618	681
619	620
619	621
619	622
620	680
620	682
620	683
621	622
621	623
621	624
622	682
622	684
622	685
623	624
623	625
623	626
624	684
624	686
624	687
625	626
625	627
625	628
626	686
626	688
626	689
627	628
627	629
628	688
628	690
628	691
629	690
629	692
630	631
630	632
630	633
631	693
631	694
632	633
632	634
632	635
633	693
633	695
633	696
634	635
634	636
634	637
635	695
635	697
635	698
636	637
636	638
636	639
637	697
637	699
637	700
638	639
638	640
638	641
639	699
639	701
639	702
640	641
640	642
640	643
641	701
641	703
641	704
642	643
642	644
642	645
643	703
643	705
643	706
644	645
644	646
644	647
645	705
645	707
645	708
646	647
646	648
646	649
647	707
647	709
647	710
648	649
648	650
648	651
649	709
649	711
649	712
650	651
650	652
650	653
651	711
651	713
651	714
652	653
652	654
652	655
653	713
653	715
653	716
654	655
654	656
654	657
655	715
655	717
655	718
656	657
656	658
656	659
657	717
657	719
657	720
658	659
658	660
658	661
659	719
659	721
659	722
660	661
660	662
660	663
661	721
661	723
661	724
662	663
662	664
662	665
663	723
663	725
663	726
664	665
664	666
664	667
665	725
665	727
665	728
666	667
666	668
666	669
667	727
667	729
667	730
668	669
668	670
668	671
669	729
669	731
669	732
670	671
670	672
670	673
671	731
671	733
671	734
672	673
672	674
672	675
673	733
673	735
673	736
674	675
674	676
674	677
675	735
675	737
675	738
676	677
676	678
676	679
677	737
677	739
677	740
678	679
678	680
678	681
679	739
679	741
679	742
680	681
680	682
680	683
681	741
681	743
681	744
682	683
682	684
682	685
683	743
683	745
683	746
684	685
684	686
684	687
685	745
685	747
685	748
686	687
686	688
686	689
687	747
687	749
687	750
688	689
688	690
688	691
689	749
689	751
689	752
690	691
690	692
691	751
691	753
691	754
692	753
692	755
693	694
693	695
693	696
694	756
694	757
695	696
695	697
695	698
696	756
696	758
696	759
697	698
697	699
697	700
698	758
698	760
698	761
699	700
699	701
699	702
700	760
700	762
700	763
701	702
701	703
701	704
702	762
702	764
702	765
703	704
703	705
703	706
704	764
704	766
704	767
705	706
705	707
705	708
706	766
706	768
706	769
707	708
707	709
707	710
708	768
708	770
708	771
709	710
709	711
709	712
710	770
710	772
710	773
711	712
711	713
711	714
712	772
712	774
712	775
713	714
713	715
713	716
714	774
714	776
714	777
715	716
715	717
715	718
716	776
716	778
716	779
717	718
717	719
717	720
718	778
718	780
718	781
719	720
719	721
719	722
720	780
720	782
720	783
721	722
721	723
721	724
722	782
722	784
722	785
723	724
723	725
723	726
724	784
724	786
724	787
725	726
725	727
725	728
726	786
726	788
726	789
727	728
727	729
727	730
728	788
728	790
728	791
729	730
729	731
729	732
730	790
730	792
730	793
731	732
731	733
731	734
732	792
732	794
732	795
733	734
733	735
733	736
734	794
734	796
734	797
735	736
735	737
735	738
736	796
736	798
736	799
737	738
737	739
737	740
738	798
738	800
738	801
739	740
739	741
739	742
740	800
740	802
740	803
741	742
741	743
741	744
742	802
742	804
742	805
743	744
743	745
743	746
744	804
744	806
744	807
745	746
745	747
745	748
746	806
746	808
746	809
747	748
747	749
747	750
748	808
748	810
748	811
749	750
749	751
749	752
750	810
750	812
750	813
751	752
751	753
751	754
752	812
752	814
752	815
753	754
753	755
754	814
754	816
754	817
755	816
755	818
756	757
756	758
756	759
757	819
757	820
758	759
758	760
758	761
759	819
759	821
759	822
760	761
760	762
760	763
761	821
761	823
761	824
762	763
762	764
762	765
763	823
763	825
763	826
764	765
764	766
764	767
765	825
765	827
765	828
766	767
766	768
766	769
767	827
767	829
767	830
768	769
768	770
768	771
769	829
769	831
769	832
770	771
770	772
770	773
771	831
771	833
771	834
772	773
772	774
772	775
773	833
773	835
773	836
774	775
774	776
774	777
775	835
775	837
775	838
776	777
776	778
776	779
777	837
777	839
777	840
778	779
778	780
778	781
779	839
779	841
779	842
780	781
780	782
780	783
781	841
781	843
781	844
782	783
782	784
782	785
783	843
783	845
783	846
784	785
784	786
784	787
785	845
785	847
785	848
786	787
786	788
786	789
787	847
787	849
787	850
788	789
788	790
788	791
789	849
789	851
789	852
790	791
790	792
790	793
791	851
791	853
791	854
792	793
792	794
792	795
793	853
793	855
793	856
794	795
794	796
794	797
795	855
795	857
795	858
796	797
796	798
796	799
797	857
797	859
797	860
798	799
798	800
798	801
799	859
799	861
799	862
800	801
800	802
800	803
801	861
801	863
801	864
802	803
802	804
802	805
803	863
803	865
803	866
804	805
804	806
804	807
805	865
805	867
805	868
806	807
806	808
806	809
807	867
807	869
807	870
808	809
808	810
808	811
809	869
809	871
809	872
810	811
810	812
810	813
811	871
811	873
811	874
812	813
812	814
812	815
813	873
813	875
813	876
814	815
814	816
814	817
815	875
815	877
815	878
816	817
816	818
817	877
817	879
817	880
818	879
818	881
819	820
819	821
819	822
820	882
820	883
821	822
821	823
821	824
822	882
822	884
822	885
823	824
823	825
823	826
824	884
824	886
824	887
825	826
825	827
825	828
826	886
826	888
826	889
827	828
827	829
827	830
828	888
828	890
828	891
829	830
829	831
829	832
830	890
830	892
830	893
831	832
831	833
831	834
832	892
832	894
832	895
833	834
833	835
833	836
834	894
834	896
834	897
835	836
835	837
835	838
836	896
836	898
836	899
837	838
837	839
837	840
838	898
838	900
838	901
839	840
839	841
839	842
840	900
840	902
840	903
841	842
841	843
841	844
842	902
842	904
842	905
843	844
843	845
843	846
844	904
844	906
844	907
845	846
845	847
845	848
846	906
846	908
846	909
847	848
847	849
847	850
848	908
848	910
848	911
849	850
849	851
849	852
850	910
850	912
850	913
851	852
851	853
851	854
852	912
852	914
852	915
853	854
853	855
853	856
854	914
854	916
854	917
855	856
855	857
855	858
856	916
856	918
856	919
857	858
857	859
857	860
858	918
858	920
858	921
859	860
859	861
859	862
860	920
860	922
860	923
861	862
861	863
861	864
862	922
862	924
862	925
863	864
863	865
863	866
864	924
864	926
864	927
865	866
865	867
865	868
866	926
866	928
866	929
867	868
867	869
867	870
868	928
868	930
868	931
869	870
869	871
869	872
870	930
870	932
870	933
871	872
871	873
871	874
872	932
872	934
872	935
873	874
873	875
873	876
874	934
874	936
874	937
875	876
875	877
875	878
876	936
876	938
876	939
877	878
877	879
877	880
878	938
878	940
878	941
879	880
879	881
880	940
880	942
880	943
881	942
881	944
882	883
882	884
882	885
883	945
884	885
884	886
884	887
885	945
885	946
886	887
886	888
886	889
887	946
887	947
888	889
888	890
888	891
889	947
889	948
890	891
890	892
890	893
891	948
891	949
892	893
892	894
892	895
893	949
893	950
894	895
894	896
894	897
895	950
895	951
896	897
896	898
896	899
897	951
897	952
898	899
898	900
898	901
899	952
899	953
900	901
900	902
900	903
901	953
901	954
902	903
902	904
902	905
903	954
903	955
904	905
904	906
904	907
905	955
905	956
906	907
906	908
906	909
907	956
907	957
908	909
908	910
908	911
909	957
909	958
910	911
910	912
910	913
911	958
911	959
912	913
912	914
912	915
913	959
913	960
914	915
914	916
914	917
915	960
915	961
916	917
916	918
916	919
917	961
917	962
918	919
918	920
918	921
919	962
919	963
920	921
920	922
920	923
921	963
921	964
922	923
922	924
922	925
923	964
923	965
924	925
924	926
924	927
925	965
925	966
926	927
926	928
926	929
927	966
927	967
928	929
928	930
928	931
929	967
929	968
930	931
930	932
930	933
931	968
931	969
932	933
932	934
932	935
933	969
933	970
934	935
934	936
934	937
935	970
935	971
936	937
936	938
936	939
937	971
937	972
938	939
938	940
938	941
939	972
939	973
940	941
940	942
940	943
941	973
941	974
942	943
942	944
943	974
943	975
944	975
945	946
946	947
947	948
948	949
949	950
950	951
951	952
952	953
953	954
954	955
955	956
956	957
957	958
958	959
959	960
960	961
961	962
962	963
963	964
964	965
965	966
966	967
967	968
968	969
969	970
970	971
971	972
972	973
973	974
974	975
