976 	2788 	10 	0.30 	2 

41		-17		191		21		0		
-2		47		189		25		0		
136		8		181		23		0		
81		63		216		19		0		
235		-5		169		22		0		
173		56		228		20		0		
353		-30		232		15		0		
290		24		209		28		0		
450		-18		165		19		0		
401		39		195		22		0		
549		-16		232		26		8		
500		42		182		24		0		
672		-13		180		17		8		
627		41		174		18		8		
778		-4		176		25		8		
705		62		228		16		8		
875		-18		230		27		8		
819		59		239		19		8		
953		-3		205		17		8		
916		12		206		25		8		
1039		24		163		22		8		
986		75		208		20		8		
1162		22		193		17		8		
1107		61		237		26		8		
1250		7		170		15		8		
1209		57		166		17		8		
1349		-3		211		18		8		
1290		29		189		25		8		
1468		-8		169		16		8		
1423		37		165		21		8		
1536		-13		202		18		8		
1495		54		203		28		8		
1629		-13		173		25		7		
1573		63		183		24		7		
1731		-20		188		26		7		
1716		45		224		16		7		
1838		-12		203		19		7		
1791		40		190		28		7		
1962		-7		232		17		7		
1914		53		238		22		7		
2066		-21		170		22		7		
1992		51		203		27		7		
2161		-11		199		25		7		
2110		25		198		26		7		
2247		-14		237		18		7		
2216		37		167		22		7		
2343		-25		223		24		7		
2277		38		231		28		7		
2465		-6		188		24		1		
2399		43		219		28		1		
2552		2		196		12		1		
2526		63		184		18		1		
2640		5		215		20		1		
2576		40		212		28		1		
2752		-8		205		12		1		
2691		43		234		13		1		
2844		-12		237		19		1		
2779		52		197		22		1		
2943		4		179		28		1		
2916		39		195		23		1		
3027		-15		189		18		1		
2992		47		178		27		1		
3096		39		196		22		1		
38		128		195		28		0		
11		168		200		23		0		
118		112		227		27		0		
85		181		210		25		0		
227		86		190		16		0		
169		142		217		22		0		
338		94		174		13		0		
297		136		237		12		0		
452		100		239		22		0		
399		171		235		27		0		
578		99		181		16		0		
517		141		160		28		0		
660		116		197		17		8		
611		154		199		28		0		
746		126		219		13		8		
679		159		174		27		8		
860		89		162		28		8		
804		165		179		23		8		
949		90		185		23		8		
905		126		179		27		8		
1053		112		209		16		8		
979		164		181		12		8		
1154		96		212		25		8		
1085		145		239		25		8		
1249		79		217		25		8		
1197		136		235		18		8		
1364		69		195		17		8		
1290		116		163		18		8		
1450		99		171		12		8		
1425		148		165		27		8		
1533		131		240		28		8		
1488		158		196		21		8		
1661		122		191		14		7		
1615		176		170		26		7		
1776		105		195		28		7		
1722		143		203		28		7		
1867		105		206		27		7		
1804		131		161		12		7		
1943		111		240		26		7		
1911		153		212		20		7		
2036		98		208		17		7		
1969		165		183		14		7		
2166		74		168		18		7		
2099		146		235		25		7		
2247		89		238		20		7		
2203		148		221		21		7		
2333		106		238		21		7		
2274		152		233		23		7		
2460		112		217		24		1		
2410		137		229		25		1		
2550		101		221		23		1		
2499		157		239		19		1		
2627		78		178		26		1		
2588		137		174		18		1		
2718		103		188		24		1		
2694		139		221		24		1		
2851		103		197		14		1		
2769		170		234		24		1		
2965		82		171		12		1		
2907		138		163		26		1		
3061		101		231		24		1		
2992		144		185		24		1		
3129		162		224		18		1		
58		220		208		14		0		
11		250		199		18		0		
136		211		206		15		0		
94		266		227		17		0		
239		192		183		18		0		
206		230		232		28		0		
358		213		196		21		0		
314		244		187		12		0		
464		212		202		16		0		
385		274		164		24		0		
550		196		217		28		0		
503		237		193		12		0		
630		197		199		24		0		
573		236		207		13		6		
737		198		234		17		8		
702		256		182		27		0		
849		202		218		22		8		
800		257		220		22		8		
935		200		195		25		8		
917		233		191		24		8		
1011		197		234		18		8		
981		255		224		24		8		
1129		184		171		12		8		
1086		253		227		12		8		
1238		173		221		24		8		
1214		255		201		28		8		
1352		195		212		28		8		
1308		235		196		26		8		
1463		207		212		16		8		
1425		271		221		16		8		
1570		203		181		25		7		
1512		231		224		19		7		
1676		197		224		25		7		
1627		242		223		17		5		
1749		168		214		19		7		
1683		231		188		23		7		
1848		179		215		13		7		
1788		232		203		27		7		
1937		207		192		22		7		
1917		231		231		23		7		
2032		213		208		20		7		
1983		245		229		15		7		
2136		220		212		24		7		
2090		256		162		13		7		
2230		211		171		23		7		
2193		261		161		17		7		
2351		184		218		24		1		
2305		248		235		26		1		
2448		182		169		16		1		
2397		247		220		12		1		
2536		193		190		18		1		
2483		227		177		27		1		
2655		197		211		14		1		
2596		269		168		25		1		
2745		206		161		20		1		
2694		251		162		12		1		
2825		206		238		25		1		
2771		270		238		13		1		
2934		200		210		26		1		
2879		238		201		27		1		
3060		205		193		25		1		
3020		241		179		12		1		
3107		255		240		22		1		
47		296		188		25		0		
10		334		215		16		0		
164		285		228		19		0		
107		337		186		21		0		
281		282		219		28		0		
221		327		161		28		0		
341		305		191		27		0		
295		358		186		24		0		
424		299		165		28		0		
374		345		203		21		0		
526		278		217		26		0		
482		348		207		21		0		
645		295		186		12		6		
576		341		212		21		0		
765		315		223		15		6		
717		367		227		13		6		
868		288		239		18		8		
810		335		230		14		6		
963		288		238		25		8		
917		352		181		26		8		
1056		311		213		28		8		
989		343		233		21		8		
1171		324		218		20		8		
1119		367		207		17		8		
1283		317		233		27		8		
1222		355		223		24		8		
1381		311		177		18		8		
1323		357		160		28		8		
1474		295		214		18		8		
1397		340		178		17		8		
1569		271		233		27		7		
1503		346		170		24		8		
1634		276		216		15		5		
1590		326		171		13		5		
1722		294		210		24		7		
1690		354		233		15		7		
1856		283		193		18		7		
1773		358		169		12		7		
1962		268		176		20		7		
1908		321		165		21		7		
2041		287		211		20		7		
1992		320		187		25		7		
2147		297		168		26		7		
2099		368		233		25		7		
2268		298		223		17		7		
2218		356		192		23		7		
2351		312		215		25		1		
2319		336		212		16		1		
2432		292		173		24		1		
2389		361		234		14		1		
2543		304		237		18		1		
2494		351		202		14		7		
2635		323		214		13		1		
2612		375		179		21		1		
2720		315		160		17		1		
2696		354		175		13		1		
2824		302		194		12		1		
2775		345		176		23		1		
2964		279		187		21		1		
2881		341		223		18		1		
3067		291		164		25		1		
3024		335		171		21		1		
3110		368		170		18		1		
70		375		221		27		0		
1		455		174		26		0		
164		379		182		21		0		
119		420		221		14		0		
235		403		191		25		0		
202		449		169		17		0		
328		399		171		16		0		
301		452		199		17		0		
431		394		216		24		0		
404		436		205		21		0		
531		411		169		21		0		
482		456		182		19		0		
648		413		175		13		6		
595		438		207		21		0		
762		388		217		23		8		
687		452		215		13		6		
859		399		221		20		8		
800		431		208		17		8		
944		408		169		19		8		
920		452		162		13		6		
1052		399		182		23		8		
971		431		210		19		8		
1170		399		194		19		8		
1110		438		198		26		8		
1262		395		200		16		8		
1212		446		210		22		8		
1338		386		167		19		8		
1298		451		218		22		8		
1425		392		212		16		8		
1384		440		161		17		8		
1523		402		165		19		8		
1488		459		205		24		8		
1645		404		206		17		7		
1578		456		237		19		5		
1741		418		240		23		7		
1720		446		177		25		7		
1825		396		165		20		7		
1769		476		174		20		7		
1938		372		162		15		7		
1911		432		225		28		7		
2050		401		239		12		7		
1981		430		208		14		7		
2170		427		187		13		7		
2110		478		220		18		7		
2269		394		218		18		7		
2210		449		220		22		7		
2357		385		200		16		7		
2297		411		162		22		7		
2451		420		204		16		7		
2398		429		237		26		1		
2563		422		230		19		1		
2500		482		213		26		1		
2673		405		198		20		1		
2623		455		162		22		1		
2751		383		163		13		1		
2705		440		164		19		1		
2832		383		200		27		1		
2791		421		226		20		1		
2940		397		239		22		1		
2889		447		232		23		1		
3067		413		162		26		1		
2986		445		180		13		1		
3114		461		165		14		1		
50		500		170		20		0		
-28		555		207		25		0		
158		490		235		23		0		
96		538		195		23		0		
268		498		168		22		0		
201		552		191		26		0		
377		490		231		16		0		
305		556		193		24		0		
454		498		215		22		0		
411		542		160		27		0		
545		483		169		20		0		
473		535		220		26		0		
634		477		211		23		0		
617		538		172		15		0		
725		495		205		22		6		
691		530		202		12		6		
861		483		187		19		6		
794		548		208		17		6		
947		475		186		26		8		
926		534		163		24		6		
1028		470		219		19		8		
980		539		217		18		8		
1151		485		219		27		8		
1109		543		186		25		8		
1248		502		175		23		8		
1184		548		231		20		8		
1344		505		209		17		8		
1310		548		218		28		8		
1447		507		224		23		8		
1388		575		174		20		8		
1543		513		202		22		5		
1487		560		199		12		5		
1653		497		237		28		7		
1597		568		201		18		5		
1748		504		224		25		7		
1706		534		233		13		5		
1856		512		197		23		7		
1768		578		180		28		7		
1955		490		169		18		7		
1894		554		220		28		7		
2041		508		186		16		7		
1985		558		165		16		7		
2150		500		233		23		7		
2090		571		219		28		7		
2238		466		205		15		7		
2213		549		223		19		7		
2338		455		198		26		7		
2296		506		181		16		9		
2447		492		221		14		9		
2412		535		222		13		9		
2560		515		199		27		1		
2505		557		162		24		1		
2655		490		177		18		1		
2622		541		191		19		1		
2744		477		222		28		1		
2695		520		230		20		1		
2848		484		186		17		1		
2800		533		200		24		1		
2935		495		230		13		1		
2902		544		229		14		3		
3032		493		201		26		1		
2991		529		166		22		1		
3097		539		160		14		3		
18		593		236		26		0		
-13		658		230		24		0		
140		600		229		20		0		
91		660		232		19		0		
238		611		168		24		0		
205		646		184		18		0		
339		608		207		16		0		
276		642		165		25		0		
430		579		171		16		0		
402		645		216		12		0		
545		590		172		12		0		
464		625		233		19		6		
673		591		199		20		6		
612		660		169		12		0		
760		583		175		24		6		
696		637		224		21		6		
859		598		191		28		6		
800		665		188		23		6		
959		598		217		25		6		
906		653		197		13		6		
1061		612		171		13		8		
1000		665		235		28		6		
1142		605		176		28		8		
1122		671		160		27		6		
1246		594		190		19		8		
1187		635		198		14		8		
1355		618		165		18		8		
1311		658		173		25		8		
1429		628		217		28		8		
1398		676		230		23		5		
1542		615		230		22		5		
1488		639		168		24		5		
1651		605		180		28		5		
1588		641		165		12		5		
1726		609		226		22		5		
1691		665		191		28		5		
1807		620		235		12		7		
1793		663		170		17		7		
1925		622		212		19		7		
1887		662		172		21		7		
2034		622		206		23		7		
2012		674		196		12		4		
2153		620		213		12		4		
2065		647		227		26		7		
2272		588		199		22		7		
2221		676		233		28		4		
2370		585		220		20		9		
2309		631		196		21		9		
2470		600		191		28		1		
2422		653		233		22		9		
2567		583		220		18		1		
2516		640		202		12		9		
2662		572		193		14		3		
2615		643		236		23		1		
2751		576		197		20		1		
2702		643		233		12		3		
2854		593		238		15		3		
2793		627		239		17		1		
2958		577		240		15		3		
2899		646		228		19		3		
3056		575		232		28		1		
3024		625		239		16		3		
3097		634		204		25		3		
59		725		232		12		0		
-2		767		161		21		0		
157		706		235		18		0		
89		759		197		24		2		
243		677		181		27		0		
210		728		235		25		0		
338		679		171		28		0		
303		735		202		12		0		
436		691		169		15		0		
397		756		210		22		2		
531		695		205		18		6		
497		749		163		24		6		
634		706		215		13		6		
604		749		189		15		6		
736		719		209		21		6		
685		754		198		17		6		
847		720		179		18		6		
810		758		204		18		6		
947		720		229		28		6		
901		751		203		22		6		
1062		724		174		25		6		
997		771		203		22		6		
1168		701		201		16		6		
1115		774		191		17		6		
1252		699		188		19		6		
1186		748		231		18		6		
1354		715		191		22		5		
1299		756		238		21		5		
1457		686		200		13		5		
1407		736		211		28		5		
1534		665		220		13		5		
1493		732		226		13		5		
1628		701		222		12		5		
1604		730		170		12		5		
1758		719		170		23		5		
1719		760		201		17		5		
1873		705		206		22		7		
1804		761		205		13		7		
1974		714		175		27		4		
1920		759		236		13		7		
2043		699		228		27		4		
2013		772		183		15		4		
2132		703		180		22		4		
2076		716		178		28		4		
2258		719		168		25		4		
2202		770		209		21		4		
2360		698		174		23		9		
2302		732		221		12		9		
2468		693		169		12		9		
2422		746		182		27		9		
2565		700		204		18		9		
2524		753		192		28		9		
2656		714		180		28		1		
2619		765		203		26		3		
2744		694		218		16		3		
2707		743		185		12		3		
2838		681		190		15		3		
2796		729		173		21		3		
2965		694		164		16		3		
2894		749		194		22		3		
3065		685		194		23		3		
3009		749		205		13		3		
3085		752		218		26		3		
27		801		211		25		2		
-4		856		189		12		0		
142		781		213		22		2		
88		846		236		25		2		
270		785		191		26		0		
192		824		179		14		0		
362		812		232		12		0		
297		851		237		20		2		
459		814		197		13		0		
391		862		202		12		2		
570		804		212		16		6		
525		853		196		28		2		
654		797		169		17		6		
608		839		168		14		6		
758		793		237		13		6		
686		847		194		26		6		
864		789		174		18		6		
803		827		188		12		6		
951		802		184		22		6		
904		845		236		24		6		
1051		821		239		22		6		
1009		874		178		13		6		
1134		821		174		12		5		
1117		878		225		18		6		
1234		805		195		20		5		
1192		850		225		16		6		
1352		777		209		19		5		
1318		848		202		27		5		
1443		782		199		16		5		
1405		828		186		27		5		
1563		798		240		23		5		
1497		837		182		21		5		
1694		789		174		27		5		
1617		828		203		20		5		
1764		802		238		14		7		
1722		836		169		14		7		
1850		815		190		25		5		
1790		859		198		26		5		
1958		817		227		25		5		
1909		849		233		26		5		
2045		788		224		15		4		
1993		845		206		25		4		
2146		783		174		27		4		
2111		828		185		27		4		
2247		783		212		20		4		
2199		849		236		24		4		
2364		779		179		19		4		
2308		831		219		27		4		
2478		806		161		21		9		
2408		860		237		16		9		
2578		818		170		25		9		
2516		860		227		24		9		
2670		794		172		20		3		
2604		849		192		26		9		
2759		779		200		27		3		
2694		838		230		14		3		
2852		797		212		24		3		
2795		849		217		12		3		
2938		804		180		27		3		
2893		847		173		18		3		
3028		817		215		24		3		
2982		835		194		14		3		
3097		863		197		16		3		
57		901		202		16		2		
14		938		237		14		2		
138		889		188		23		2		
94		946		169		26		2		
219		889		199		25		2		
179		947		196		20		2		
326		900		168		27		2		
291		956		205		21		2		
457		900		173		19		2		
385		947		162		28		2		
563		888		219		23		2		
518		940		201		20		2		
640		889		229		22		6		
608		947		182		13		2		
731		881		240		24		6		
678		930		221		15		6		
844		883		233		19		6		
797		921		191		26		6		
962		918		170		18		6		
879		962		237		21		6		
1075		931		220		16		6		
1012		972		200		19		6		
1175		907		225		24		5		
1114		952		175		25		5		
1276		892		217		25		5		
1208		928		166		20		5		
1371		898		227		19		5		
1330		947		230		18		5		
1459		883		164		17		5		
1418		935		210		17		5		
1550		867		229		28		5		
1507		949		226		23		5		
1645		875		188		12		7		
1582		942		214		21		5		
1748		894		223		21		5		
1711		930		240		15		5		
1849		893		174		18		5		
1800		938		193		22		5		
1944		877		188		12		4		
1889		933		186		18		5		
2059		885		214		26		4		
2019		937		188		28		4		
2164		894		232		25		4		
2113		928		205		23		4		
2260		896		180		13		9		
2205		953		191		16		9		
2352		912		202		16		9		
2314		936		230		27		4		
2446		914		188		16		9		
2406		980		171		22		4		
2542		892		195		24		9		
2519		961		181		22		3		
2628		894		189		28		3		
2593		943		191		25		3		
2730		909		219		19		3		
2675		964		181		28		3		
2836		899		183		26		3		
2802		950		206		28		3		
2937		878		184		18		3		
2896		961		201		16		3		
3050		881		198		21		3		
2998		924		179		16		3		
3130		961		200		27		3		
51		984		172		28		2		
0		1012		224		21		2		
135		1005		178		18		2		
98		1037		231		17		2		
251		1014		215		16		2		
207		1040		211		21		2		
350		1003		174		27		2		
291		1060		208		18		2		
446		987		193		12		2		
379		1019		205		27		2		
563		999		229		23		2		
490		1040		179		13		2		
646		988		238		16		2		
603		1035		237		12		2		
744		970		238		14		6		
695		1035		160		21		2		
832		1000		224		14		6		
790		1016		191		27		6		
928		1016		189		26		6		
865		1040		165		18		6		
1051		992		182		12		5		
997		1044		222		25		6		
1147		973		238		27		5		
1112		1038		213		17		6		
1262		983		201		22		5		
1189		1033		239		22		5		
1377		983		190		18		5		
1323		1027		195		25		5		
1466		1001		238		15		5		
1411		1049		199		23		5		
1539		1024		180		18		5		
1505		1066		191		28		5		
1648		997		217		21		5		
1575		1069		222		23		5		
1763		974		192		13		4		
1715		1032		165		13		4		
1841		978		201		12		4		
1800		1029		197		13		5		
1965		993		240		13		4		
1889		1053		194		15		5		
2073		980		211		18		4		
2017		1066		184		25		4		
2154		987		225		24		4		
2098		1030		219		16		4		
2259		993		213		18		4		
2218		1047		214		12		9		
2368		1004		186		20		4		
2313		1037		172		15		4		
2479		1026		160		22		4		
2419		1049		239		24		4		
2571		1012		227		21		3		
2515		1058		206		24		3		
2640		1013		160		22		3		
2593		1077		176		27		3		
2747		1005		203		22		3		
2690		1043		195		25		3		
2862		1012		194		14		3		
2818		1031		184		12		3		
2957		1008		187		16		3		
2918		1052		218		23		3		
3078		1004		219		25		3		
2993		1060		161		20		3		
3119		1070		202		19		3		
46		1065		235		22		2		
-2		1120		209		28		2		
169		1072		188		23		2		
95		1129		210		27		2		
247		1086		192		20		2		
221		1135		169		22		2		
321		1076		204		20		2		
288		1164		191		19		2		
423		1072		226		15		2		
374		1135		164		19		2		
530		1076		205		19		2		
471		1153		176		23		2		
653		1082		162		23		2		
586		1140		188		26		2		
741		1081		187		23		2		
706		1164		204		17		2		
822		1057		194		17		6		
791		1128		214		14		6		
934		1068		183		17		6		
894		1125		175		25		6		
1059		1089		210		27		6		
998		1139		169		28		6		
1154		1098		219		15		6		
1121		1152		184		24		5		
1250		1078		203		22		6		
1204		1134		183		23		5		
1357		1093		164		18		5		
1299		1119		208		28		5		
1450		1115		204		18		5		
1399		1182		170		24		5		
1541		1111		201		24		5		
1482		1165		220		25		5		
1641		1104		167		13		5		
1586		1171		170		28		4		
1752		1087		235		20		4		
1691		1144		164		27		4		
1848		1104		185		13		4		
1802		1150		227		28		4		
1941		1125		161		21		4		
1908		1161		166		20		4		
2041		1116		237		22		4		
1973		1175		171		20		4		
2162		1090		175		27		4		
2098		1142		222		13		4		
2272		1091		168		13		9		
2203		1148		230		26		4		
2364		1082		174		20		4		
2318		1145		191		28		4		
2455		1081		161		13		3		
2406		1125		176		21		3		
2538		1123		232		18		3		
2503		1161		220		28		3		
2643		1107		183		17		3		
2578		1155		167		25		3		
2761		1070		201		26		3		
2715		1141		162		13		3		
2874		1071		180		14		3		
2801		1133		203		21		3		
2953		1105		222		15		3		
2917		1144		161		21		3		
3034		1126		193		26		3		
2983		1172		213		28		3		
3085		1160		193		14		3		
47		1184		188		21		2		
13		1242		190		13		2		
147		1192		191		15		2		
86		1237		208		16		2		
262		1214		177		24		2		
208		1242		236		12		2		
341		1223		183		17		2		
307		1267		181		18		2		
422		1215		202		24		2		
395		1252		173		12		2		
527		1216		201		20		2		
483		1238		193		22		2		
640		1222		209		28		2		
595		1265		208		27		2		
756		1211		193		22		2		
701		1264		208		25		2		
863		1197		234		27		6		
819		1264		233		23		6		
958		1196		230		24		6		
897		1236		236		22		6		
1061		1202		207		14		6		
1019		1244		180		20		6		
1172		1189		172		23		5		
1106		1247		171		24		5		
1254		1175		192		13		5		
1220		1250		209		24		5		
1341		1208		197		19		5		
1302		1228		218		15		5		
1431		1232		227		18		5		
1395		1264		210		20		5		
1526		1225		213		16		5		
1485		1278		175		26		5		
1635		1212		160		23		4		
1603		1270		218		27		4		
1741		1207		214		12		4		
1687		1254		175		21		4		
1862		1207		226		21		4		
1803		1262		166		27		4		
1941		1211		181		19		4		
1898		1241		235		23		4		
2030		1201		200		14		4		
1977		1251		210		18		4		
2138		1200		202		17		4		
2101		1257		172		22		4		
2249		1202		239		19		4		
2182		1256		198		16		4		
2360		1188		231		28		3		
2290		1251		190		27		4		
2453		1205		240		27		3		
2392		1231		228		15		4		
2543		1193		164		27		3		
2503		1259		237		26		3		
2650		1189		162		25		3		
2610		1221		209		26		3		
2755		1204		184		27		3		
2711		1275		230		13		3		
2844		1206		180		22		3		
2789		1247		233		23		3		
2947		1211		206		16		3		
2908		1248		201		18		3		
3034		1206		188		19		3		
3000		1269		185		17		3		
3079		1270		173		22		3		
52		1296		218		23		2		
-10		1350		216		17		2		
146		1287		205		18		2		
98		1347		204		28		2		
252		1295		186		19		2		
222		1341		183		28		2		
361		1296		230		19		2		
321		1350		192		15		2		
456		1275		237		20		2		
411		1331		162		20		2		
550		1287		219		23		2		
498		1337		225		25		2		
656		1307		166		19		2		
614		1352		187		12		2		
764		1317		191		14		6		
710		1360		234		21		6		
854		1304		189		14		6		
791		1365		165		20		6		
958		1284		182		17		6		
909		1339		238		13		6		
1064		1289		215		12		6		
1016		1333		174		20		6		
1155		1308		240		12		6		
1110		1341		222		13		6		
1269		1302		214		25		5		
1189		1352		217		17		5		
1356		1284		211		26		5		
1323		1352		172		13		5		
1449		1310		192		12		5		
1406		1340		180		21		5		
1562		1324		216		14		5		
1515		1383		193		16		5		
1655		1312		169		25		4		
1593		1364		162		18		5		
1749		1309		199		23		4		
1680		1349		227		26		4		
1839		1296		229		27		4		
1798		1372		187		28		4		
1934		1281		220		21		4		
1870		1338		163		26		4		
2048		1307		231		15		4		
1999		1363		224		22		4		
2145		1313		215		24		4		
2094		1347		219		18		4		
2223		1306		207		13		4		
2186		1335		200		18		4		
2322		1294		185		15		4		
2263		1354		239		21		4		
2441		1286		186		19		3		
2409		1361		202		20		3		
2570		1287		192		14		3		
2500		1347		202		17		3		
2671		1306		206		21		3		
2636		1355		187		13		3		
2745		1318		239		26		3		
2716		1360		200		19		3		
2853		1290		188		19		3		
2780		1333		211		25		3		
2961		1306		210		21		3		
2894		1332		211		28		3		
3045		1333		235		22		3		
3011		1376		237		26		3		
3105		1366		232		12		3		
36		1401		196		14		2		
-23		1445		212		20		2		
174		1401		199		20		2		
113		1449		224		24		2		
291		1396		169		16		2		
229		1461		193		22		2		
371		1385		234		19		2		
313		1445		220		21		2		
453		1393		223		13		2		
416		1425		213		16		2		
562		1402		180		13		6		
511		1452		188		14		2		
668		1405		160		19		6		
617		1455		188		20		6		
736		1408		161		18		6		
709		1463		232		26		6		
846		1401		180		27		6		
769		1443		214		13		6		
968		1388		232		19		6		
903		1432		212		27		6		
1062		1384		197		15		6		
985		1414		228		20		6		
1144		1385		171		16		6		
1112		1455		221		19		6		
1244		1401		177		20		5		
1181		1448		230		12		5		
1373		1408		170		14		5		
1303		1471		188		15		5		
1472		1413		185		26		5		
1402		1442		195		28		5		
1546		1423		207		21		5		
1521		1470		178		25		5		
1618		1401		209		13		5		
1587		1471		234		18		5		
1729		1412		216		22		4		
1687		1445		168		13		5		
1829		1413		175		21		4		
1800		1467		182		13		5		
1935		1420		221		16		4		
1874		1455		185		19		5		
2045		1403		240		19		4		
1991		1471		191		28		4		
2135		1368		221		15		4		
2098		1435		189		17		4		
2225		1383		232		27		4		
2206		1422		221		16		4		
2350		1421		209		17		4		
2266		1453		204		25		4		
2468		1422		162		22		3		
2422		1488		174		19		4		
2566		1415		236		13		3		
2490		1466		185		22		3		
2681		1409		217		26		3		
2614		1460		161		22		3		
2751		1375		189		25		3		
2704		1442		231		22		3		
2821		1375		194		13		3		
2775		1434		205		24		3		
2944		1401		209		28		3		
2899		1443		170		28		3		
3071		1408		178		23		3		
3001		1463		189		21		3		
3126		1437		160		16		3		
53		1493		218		19		2		
167		1509		191		27		2		
251		1511		178		18		2		
358		1485		209		25		2		
475		1484		218		16		2		
566		1505		213		16		6		
658		1514		175		28		6		
742		1498		182		16		6		
825		1475		164		27		6		
920		1458		219		20		6		
1035		1485		160		17		6		
1149		1518		176		15		5		
1241		1518		214		15		5		
1332		1505		207		21		5		
1450		1499		205		17		5		
1561		1518		182		12		5		
1655		1515		205		28		5		
1758		1500		169		22		5		
1846		1509		216		17		5		
1931		1506		221		12		5		
2044		1503		228		14		4		
2169		1489		234		17		4		
2246		1491		184		12		4		
2338		1520		213		27		4		
2444		1533		204		21		4		
2538		1511		223		17		3		
2637		1494		230		27		3		
2729		1501		168		17		3		
2854		1501		200		26		3		
2956		1504		165		23		3		
3055		1492		208		22		3		

0	1
0	2
0	3
1	63
1	64
2	3
2	4
2	5
3	63
3	65
3	66
4	5
4	6
4	7
5	65
5	67
5	68
6	7
6	8
6	9
7	67
7	69
7	70
8	9
8	10
8	11
9	69
9	71
9	72
10	11
10	12
10	13
11	71
11	73
11	74
12	13
12	14
12	15
13	73
13	75
13	76
14	15
14	16
14	17
15	75
15	77
15	78
16	17
16	18
16	19
17	77
17	79
17	80
18	19
18	20
18	21
19	79
19	81
19	82
20	21
20	22
20	23
21	81
21	83
21	84
22	23
22	24
22	25
23	83
23	85
23	86
24	25
24	26
24	27
25	85
25	87
25	88
26	27
26	28
26	29
27	87
27	89
27	90
28	29
28	30
28	31
29	89
29	91
29	92
30	31
30	32
30	33
31	91
31	93
31	94
32	33
32	34
32	35
33	93
33	95
33	96
34	35
34	36
34	37
35	95
35	97
35	98
36	37
36	38
36	39
37	97
37	99
37	100
38	39
38	40
38	41
39	99
39	101
39	102
40	41
40	42
40	43
41	101
41	103
41	104
42	43
42	44
42	45
43	103
43	105
43	106
44	45
44	46
44	47
45	105
45	107
45	108
46	47
46	48
46	49
47	107
47	109
47	110
48	49
48	50
48	51
49	109
49	111
49	112
50	51
50	52
50	53
51	111
51	113
51	114
52	53
52	54
52	55
53	113
53	115
53	116
54	55
54	56
54	57
55	115
55	117
55	118
56	57
56	58
56	59
57	117
57	119
57	120
58	59
58	60
58	61
59	119
59	121
59	122
60	61
60	62
61	121
61	123
61	124
62	123
62	125
63	64
63	65
63	66
64	126
64	127
65	66
65	67
65	68
66	126
66	128
66	129
67	68
67	69
67	70
68	128
68	130
68	131
69	70
69	71
69	72
70	130
70	132
70	133
71	72
71	73
71	74
72	132
72	134
72	135
73	74
73	75
73	76
74	134
74	136
74	137
75	76
75	77
75	78
76	136
76	138
76	139
77	78
77	79
77	80
78	138
78	140
78	141
79	80
79	81
79	82
80	140
80	142
80	143
81	82
81	83
81	84
82	142
82	144
82	145
83	84
83	85
83	86
84	144
84	146
84	147
85	86
85	87
85	88
86	146
86	148
86	149
87	88
87	89
87	90
88	148
88	150
88	151
89	90
89	91
89	92
90	150
90	152
90	153
91	92
91	93
91	94
92	152
92	154
92	155
93	94
93	95
93	96
94	154
94	156
94	157
95	96
95	97
95	98
96	156
96	158
96	159
97	98
97	99
97	100
98	158
98	160
98	161
99	100
99	101
99	102
100	160
100	162
100	163
101	102
101	103
101	104
102	162
102	164
102	165
103	104
103	105
103	106
104	164
104	166
104	167
105	106
105	107
105	108
106	166
106	168
106	169
107	108
107	109
107	110
108	168
108	170
108	171
109	110
109	111
109	112
110	170
110	172
110	173
111	112
111	113
111	114
112	172
112	174
112	175
113	114
113	115
113	116
114	174
114	176
114	177
115	116
115	117
115	118
116	176
116	178
116	179
117	118
117	119
117	120
118	178
118	180
118	181
119	120
119	121
119	122
120	180
120	182
120	183
121	122
121	123
121	124
122	182
122	184
122	185
123	124
123	125
124	184
124	186
124	187
125	186
125	188
126	127
126	128
126	129
127	189
127	190
128	129
128	130
128	131
129	189
129	191
129	192
130	131
130	132
130	133
131	191
131	193
131	194
132	133
132	134
132	135
133	193
133	195
133	196
134	135
134	136
134	137
135	195
135	197
135	198
136	137
136	138
136	139
137	197
137	199
137	200
138	139
138	140
138	141
139	199
139	201
139	202
140	141
140	142
140	143
141	201
141	203
141	204
142	143
142	144
142	145
143	203
143	205
143	206
144	145
144	146
144	147
145	205
145	207
145	208
146	147
146	148
146	149
147	207
147	209
147	210
148	149
148	150
148	151
149	209
149	211
149	212
150	151
150	152
150	153
151	211
151	213
151	214
152	153
152	154
152	155
153	213
153	215
153	216
154	155
154	156
154	157
155	215
155	217
155	218
156	157
156	158
156	159
157	217
157	219
157	220
158	159
158	160
158	161
159	219
159	221
159	222
160	161
160	162
160	163
161	221
161	223
161	224
162	163
162	164
162	165
163	223
163	225
163	226
164	165
164	166
164	167
165	225
165	227
165	228
166	167
166	168
166	169
167	227
167	229
167	230
168	169
168	170
168	171
169	229
169	231
169	232
170	171
170	172
170	173
171	231
171	233
171	234
172	173
172	174
172	175
173	233
173	235
173	236
174	175
174	176
174	177
175	235
175	237
175	238
176	177
176	178
176	179
177	237
177	239
177	240
178	179
178	180
178	181
179	239
179	241
179	242
180	181
180	182
180	183
181	241
181	243
181	244
182	183
182	184
182	185
183	243
183	245
183	246
184	185
184	186
184	187
185	245
185	247
185	248
186	187
186	188
187	247
187	249
187	250
188	249
188	251
189	190
189	191
189	192
190	252
190	253
191	192
191	193
191	194
192	252
192	254
192	255
193	194
193	195
193	196
194	254
194	256
194	257
195	196
195	197
195	198
196	256
196	258
196	259
197	198
197	199
197	200
198	258
198	260
198	261
199	200
199	201
199	202
200	260
200	262
200	263
201	202
201	203
201	204
202	262
202	264
202	265
203	204
203	205
203	206
204	264
204	266
204	267
205	206
205	207
205	208
206	266
206	268
206	269
207	208
207	209
207	210
208	268
208	270
208	271
209	210
209	211
209	212
210	270
210	272
210	273
211	212
211	213
211	214
212	272
212	274
212	275
213	214
213	215
213	216
214	274
214	276
214	277
215	216
215	217
215	218
216	276
216	278
216	279
217	218
217	219
217	220
218	278
218	280
218	281
219	220
219	221
219	222
220	280
220	282
220	283
221	222
221	223
221	224
222	282
222	284
222	285
223	224
223	225
223	226
224	284
224	286
224	287
225	226
225	227
225	228
226	286
226	288
226	289
227	228
227	229
227	230
228	288
228	290
228	291
229	230
229	231
229	232
230	290
230	292
230	293
231	232
231	233
231	234
232	292
232	294
232	295
233	234
233	235
233	236
234	294
234	296
234	297
235	236
235	237
235	238
236	296
236	298
236	299
237	238
237	239
237	240
238	298
238	300
238	301
239	240
239	241
239	242
240	300
240	302
240	303
241	242
241	243
241	244
242	302
242	304
242	305
243	244
243	245
243	246
244	304
244	306
244	307
245	246
245	247
245	248
246	306
246	308
246	309
247	248
247	249
247	250
248	308
248	310
248	311
249	250
249	251
250	310
250	312
250	313
251	312
251	314
252	253
252	254
252	255
253	315
253	316
254	255
254	256
254	257
255	315
255	317
255	318
256	257
256	258
256	259
257	317
257	319
257	320
258	259
258	260
258	261
259	319
259	321
259	322
260	261
260	262
260	263
261	321
261	323
261	324
262	263
262	264
262	265
263	323
263	325
263	326
264	265
264	266
264	267
265	325
265	327
265	328
266	267
266	268
266	269
267	327
267	329
267	330
268	269
268	270
268	271
269	329
269	331
269	332
270	271
270	272
270	273
271	331
271	333
271	334
272	273
272	274
272	275
273	333
273	335
273	336
274	275
274	276
274	277
275	335
275	337
275	338
276	277
276	278
276	279
277	337
277	339
277	340
278	279
278	280
278	281
279	339
279	341
279	342
280	281
280	282
280	283
281	341
281	343
281	344
282	283
282	284
282	285
283	343
283	345
283	346
284	285
284	286
284	287
285	345
285	347
285	348
286	287
286	288
286	289
287	347
287	349
287	350
288	289
288	290
288	291
289	349
289	351
289	352
290	291
290	292
290	293
291	351
291	353
291	354
292	293
292	294
292	295
293	353
293	355
293	356
294	295
294	296
294	297
295	355
295	357
295	358
296	297
296	298
296	299
297	357
297	359
297	360
298	299
298	300
298	301
299	359
299	361
299	362
300	301
300	302
300	303
301	361
301	363
301	364
302	303
302	304
302	305
303	363
303	365
303	366
304	305
304	306
304	307
305	365
305	367
305	368
306	307
306	308
306	309
307	367
307	369
307	370
308	309
308	310
308	311
309	369
309	371
309	372
310	311
310	312
310	313
311	371
311	373
311	374
312	313
312	314
313	373
313	375
313	376
314	375
314	377
315	316
315	317
315	318
316	378
316	379
317	318
317	319
317	320
318	378
318	380
318	381
319	320
319	321
319	322
320	380
320	382
320	383
321	322
321	323
321	324
322	382
322	384
322	385
323	324
323	325
323	326
324	384
324	386
324	387
325	326
325	327
325	328
326	386
326	388
326	389
327	328
327	329
327	330
328	388
328	390
328	391
329	330
329	331
329	332
330	390
330	392
330	393
331	332
331	333
331	334
332	392
332	394
332	395
333	334
333	335
333	336
334	394
334	396
334	397
335	336
335	337
335	338
336	396
336	398
336	399
337	338
337	339
337	340
338	398
338	400
338	401
339	340
339	341
339	342
340	400
340	402
340	403
341	342
341	343
341	344
342	402
342	404
342	405
343	344
343	345
343	346
344	404
344	406
344	407
345	346
345	347
345	348
346	406
346	408
346	409
347	348
347	349
347	350
348	408
348	410
348	411
349	350
349	351
349	352
350	410
350	412
350	413
351	352
351	353
351	354
352	412
352	414
352	415
353	354
353	355
353	356
354	414
354	416
354	417
355	356
355	357
355	358
356	416
356	418
356	419
357	358
357	359
357	360
358	418
358	420
358	421
359	360
359	361
359	362
360	420
360	422
360	423
361	362
361	363
361	364
362	422
362	424
362	425
363	364
363	365
363	366
364	424
364	426
364	427
365	366
365	367
365	368
366	426
366	428
366	429
367	368
367	369
367	370
368	428
368	430
368	431
369	370
369	371
369	372
370	430
370	432
370	433
371	372
371	373
371	374
372	432
372	434
372	435
373	374
373	375
373	376
374	434
374	436
374	437
375	376
375	377
376	436
376	438
376	439
377	438
377	440
378	379
378	380
378	381
379	441
379	442
380	381
380	382
380	383
381	441
381	443
381	444
382	383
382	384
382	385
383	443
383	445
383	446
384	385
384	386
384	387
385	445
385	447
385	448
386	387
386	388
386	389
387	447
387	449
387	450
388	389
388	390
388	391
389	449
389	451
389	452
390	391
390	392
390	393
391	451
391	453
391	454
392	393
392	394
392	395
393	453
393	455
393	456
394	395
394	396
394	397
395	455
395	457
395	458
396	397
396	398
396	399
397	457
397	459
397	460
398	399
398	400
398	401
399	459
399	461
399	462
400	401
400	402
400	403
401	461
401	463
401	464
402	403
402	404
402	405
403	463
403	465
403	466
404	405
404	406
404	407
405	465
405	467
405	468
406	407
406	408
406	409
407	467
407	469
407	470
408	409
408	410
408	411
409	469
409	471
409	472
410	411
410	412
410	413
411	471
411	473
411	474
412	413
412	414
412	415
413	473
413	475
413	476
414	415
414	416
414	417
415	475
415	477
415	478
416	417
416	418
416	419
417	477
417	479
417	480
418	419
418	420
418	421
419	479
419	481
419	482
420	421
420	422
420	423
421	481
421	483
421	484
422	423
422	424
422	425
423	483
423	485
423	486
424	425
424	426
424	427
425	485
425	487
425	488
426	427
426	428
426	429
427	487
427	489
427	490
428	429
428	430
428	431
429	489
429	491
429	492
430	431
430	432
430	433
431	491
431	493
431	494
432	433
432	434
432	435
433	493
433	495
433	496
434	435
434	436
434	437
435	495
435	497
435	498
436	437
436	438
436	439
437	497
437	499
437	500
438	439
438	440
439	499
439	501
439	502
440	501
440	503
441	442
441	443
441	444
442	504
442	505
443	444
443	445
443	446
444	504
444	506
444	507
445	446
445	447
445	448
446	506
446	508
446	509
447	448
447	449
447	450
448	508
448	510
448	511
449	450
449	451
449	452
450	510
450	512
450	513
451	452
451	453
451	454
452	512
452	514
452	515
453	454
453	455
453	456
454	514
454	516
454	517
455	456
455	457
455	458
456	516
456	518
456	519
457	458
457	459
457	460
458	518
458	520
458	521
459	460
459	461
459	462
460	520
460	522
460	523
461	462
461	463
461	464
462	522
462	524
462	525
463	464
463	465
463	466
464	524
464	526
464	527
465	466
465	467
465	468
466	526
466	528
466	529
467	468
467	469
467	470
468	528
468	530
468	531
469	470
469	471
469	472
470	530
470	532
470	533
471	472
471	473
471	474
472	532
472	534
472	535
473	474
473	475
473	476
474	534
474	536
474	537
475	476
475	477
475	478
476	536
476	538
476	539
477	478
477	479
477	480
478	538
478	540
478	541
479	480
479	481
479	482
480	540
480	542
480	543
481	482
481	483
481	484
482	542
482	544
482	545
483	484
483	485
483	486
484	544
484	546
484	547
485	486
485	487
485	488
486	546
486	548
486	549
487	488
487	489
487	490
488	548
488	550
488	551
489	490
489	491
489	492
490	550
490	552
490	553
491	492
491	493
491	494
492	552
492	554
492	555
493	494
493	495
493	496
494	554
494	556
494	557
495	496
495	497
495	498
496	556
496	558
496	559
497	498
497	499
497	500
498	558
498	560
498	561
499	500
499	501
499	502
500	560
500	562
500	563
501	502
501	503
502	562
502	564
502	565
503	564
503	566
504	505
504	506
504	507
505	567
505	568
506	507
506	508
506	509
507	567
507	569
507	570
508	509
508	510
508	511
509	569
509	571
509	572
510	511
510	512
510	513
511	571
511	573
511	574
512	513
512	514
512	515
513	573
513	575
513	576
514	515
514	516
514	517
515	575
515	577
515	578
516	517
516	518
516	519
517	577
517	579
517	580
518	519
518	520
518	521
519	579
519	581
519	582
520	521
520	522
520	523
521	581
521	583
521	584
522	523
522	524
522	525
523	583
523	585
523	586
524	525
524	526
524	527
525	585
525	587
525	588
526	527
526	528
526	529
527	587
527	589
527	590
528	529
528	530
528	531
529	589
529	591
529	592
530	531
530	532
530	533
531	591
531	593
531	594
532	533
532	534
532	535
533	593
533	595
533	596
534	535
534	536
534	537
535	595
535	597
535	598
536	537
536	538
536	539
537	597
537	599
537	600
538	539
538	540
538	541
539	599
539	601
539	602
540	541
540	542
540	543
541	601
541	603
541	604
542	543
542	544
542	545
543	603
543	605
543	606
544	545
544	546
544	547
545	605
545	607
545	608
546	547
546	548
546	549
547	607
547	609
547	610
548	549
548	550
548	551
549	609
549	611
549	612
550	551
550	552
550	553
551	611
551	613
551	614
552	553
552	554
552	555
553	613
553	615
553	616
554	555
554	556
554	557
555	615
555	617
555	618
556	557
556	558
556	559
557	617
557	619
557	620
558	559
558	560
558	561
559	619
559	621
559	622
560	561
560	562
560	563
561	621
561	623
561	624
562	563
562	564
562	565
563	623
563	625
563	626
564	565
564	566
565	625
565	627
565	628
566	627
566	629
567	568
567	569
567	570
568	630
568	631
569	570
569	571
569	572
570	630
570	632
570	633
571	572
571	573
571	574
572	632
572	634
572	635
573	574
573	575
573	576
574	634
574	636
574	637
575	576
575	577
575	578
576	636
576	638
576	639
577	578
577	579
577	580
578	638
578	640
578	641
579	580
579	581
579	582
580	640
580	642
580	643
581	582
581	583
581	584
582	642
582	644
582	645
583	584
583	585
583	586
584	644
584	646
584	647
585	586
585	587
585	588
586	646
586	648
586	649
587	588
587	589
587	590
588	648
588	650
588	651
589	590
589	591
589	592
590	650
590	652
590	653
591	592
591	593
591	594
592	652
592	654
592	655
593	594
593	595
593	596
594	654
594	656
594	657
595	596
595	597
595	598
596	656
596	658
596	659
597	598
597	599
597	600
598	658
598	660
598	661
599	600
599	601
599	602
600	660
600	662
600	663
601	602
601	603
601	604
602	662
602	664
602	665
603	604
603	605
603	606
604	664
604	666
604	667
605	606
605	607
605	608
606	666
606	668
606	669
607	608
607	609
607	610
608	668
608	670
608	671
609	610
609	611
609	612
610	670
610	672
610	673
611	612
611	613
611	614
612	672
612	674
612	675
613	614
613	615
613	616
614	674
614	676
614	677
615	616
615	617
615	618
616	676
616	678
616	679
617	618
617	619
617	620
618	678
618	680
618	681
619	620
619	621
619	622
620	680
620	682
620	683
621	622
621	623
621	624
622	682
622	684
622	685
623	624
623	625
623	626
624	684
624	686
624	687
625	626
625	627
625	628
626	686
626	688
626	689
627	628
627	629
628	688
628	690
628	691
629	690
629	692
630	631
630	632
630	633
631	693
631	694
632	633
632	634
632	635
633	693
633	695
633	696
634	635
634	636
634	637
635	695
635	697
635	698
636	637
636	638
636	639
637	697
637	699
637	700
638	639
638	640
638	641
639	699
639	701
639	702
640	641
640	642
640	643
641	701
641	703
641	704
642	643
642	644
642	645
643	703
643	705
643	706
644	645
644	646
644	647
645	705
645	707
645	708
646	647
646	648
646	649
647	707
647	709
647	710
648	649
648	650
648	651
649	709
649	711
649	712
650	651
650	652
650	653
651	711
651	713
651	714
652	653
652	654
652	655
653	713
653	715
653	716
654	655
654	656
654	657
655	715
655	717
655	718
656	657
656	658
656	659
657	717
657	719
657	720
658	659
658	660
658	661
659	719
659	721
659	722
660	661
660	662
660	663
661	721
661	723
661	724
662	663
662	664
662	665
663	723
663	725
663	726
664	665
664	666
664	667
665	725
665	727
665	728
666	667
666	668
666	669
667	727
667	729
667	730
668	669
668	670
668	671
669	729
669	731
669	732
670	671
670	672
670	673
671	731
671	733
671	734
672	673
672	674
672	675
673	733
673	735
673	736
674	675
674	676
674	677
675	735
675	737
675	738
676	677
676	678
676	679
677	737
677	739
677	740
678	679
678	680
678	681
679	739
679	741
679	742
680	681
680	682
680	683
681	741
681	743
681	744
682	683
682	684
682	685
683	743
683	745
683	746
684	685
684	686
684	687
685	745
685	747
685	748
686	687
686	688
686	689
687	747
687	749
687	750
688	689
688	690
688	691
689	749
689	751
689	752
690	691
690	692
691	751
691	753
691	754
692	753
692	755
693	694
693	695
693	696
694	756
694	757
695	696
695	697
695	698
696	756
696	758
696	759
697	698
697	699
697	700
698	758
698	760
698	761
699	700
699	701
699	702
700	760
700	762
700	763
701	702
701	703
701	704
702	762
702	764
702	765
703	704
703	705
703	706
704	764
704	766
704	767
705	706
705	707
705	708
706	766
706	768
706	769
707	708
707	709
707	710
708	768
708	770
708	771
709	710
709	711
709	712
710	770
710	772
710	773
711	712
711	713
711	714
712	772
712	774
712	775
713	714
713	715
713	716
714	774
714	776
714	777
715	716
715	717
715	718
716	776
716	778
716	779
717	718
717	719
717	720
718	778
718	780
718	781
719	720
719	721
719	722
720	780
720	782
720	783
721	722
721	723
721	724
722	782
722	784
722	785
723	724
723	725
723	726
724	784
724	786
724	787
725	726
725	727
725	728
726	786
726	788
726	789
727	728
727	729
727	730
728	788
728	790
728	791
729	730
729	731
729	732
730	790
730	792
730	793
731	732
731	733
731	734
732	792
732	794
732	795
733	734
733	735
733	736
734	794
734	796
734	797
735	736
735	737
735	738
736	796
736	798
736	799
737	738
737	739
737	740
738	798
738	800
738	801
739	740
739	741
739	742
740	800
740	802
740	803
741	742
741	743
741	744
742	802
742	804
742	805
743	744
743	745
743	746
744	804
744	806
744	807
745	746
745	747
745	748
746	806
746	808
746	809
747	748
747	749
747	750
748	808
748	810
748	811
749	750
749	751
749	752
750	810
750	812
750	813
751	752
751	753
751	754
752	812
752	814
752	815
753	754
753	755
754	814
754	816
754	817
755	816
755	818
756	757
756	758
756	759
757	819
757	820
758	759
758	760
758	761
759	819
759	821
759	822
760	761
760	762
760	763
761	821
761	823
761	824
762	763
762	764
762	765
763	823
763	825
763	826
764	765
764	766
764	767
765	825
765	827
765	828
766	767
766	768
766	769
767	827
767	829
767	830
768	769
768	770
768	771
769	829
769	831
769	832
770	771
770	772
770	773
771	831
771	833
771	834
772	773
772	774
772	775
773	833
773	835
773	836
774	775
774	776
774	777
775	835
775	837
775	838
776	777
776	778
776	779
777	837
777	839
777	840
778	779
778	780
778	781
779	839
779	841
779	842
780	781
780	782
780	783
781	841
781	843
781	844
782	783
782	784
782	785
783	843
783	845
783	846
784	785
784	786
784	787
785	845
785	847
785	848
786	787
786	788
786	789
787	847
787	849
787	850
788	789
788	790
788	791
789	849
789	851
789	852
790	791
790	792
790	793
791	851
791	853
791	854
792	793
792	794
792	795
793	853
793	855
793	856
794	795
794	796
794	797
795	855
795	857
795	858
796	797
796	798
796	799
797	857
797	859
797	860
798	799
798	800
798	801
799	859
799	861
799	862
800	801
800	802
800	803
801	861
801	863
801	864
802	803
802	804
802	805
803	863
803	865
803	866
804	805
804	806
804	807
805	865
805	867
805	868
806	807
806	808
806	809
807	867
807	869
807	870
808	809
808	810
808	811
809	869
809	871
809	872
810	811
810	812
810	813
811	871
811	873
811	874
812	813
812	814
812	815
813	873
813	875
813	876
814	815
814	816
814	817
815	875
815	877
815	878
816	817
816	818
817	877
817	879
817	880
818	879
818	881
819	820
819	821
819	822
820	882
820	883
821	822
821	823
821	824
822	882
822	884
822	885
823	824
823	825
823	826
824	884
824	886
824	887
825	826
825	827
825	828
826	886
826	888
826	889
827	828
827	829
827	830
828	888
828	890
828	891
829	830
829	831
829	832
830	890
830	892
830	893
831	832
831	833
831	834
832	892
832	894
832	895
833	834
833	835
833	836
834	894
834	896
834	897
835	836
835	837
835	838
836	896
836	898
836	899
837	838
837	839
837	840
838	898
838	900
838	901
839	840
839	841
839	842
840	900
840	902
840	903
841	842
841	843
841	844
842	902
842	904
842	905
843	844
843	845
843	846
844	904
844	906
844	907
845	846
845	847
845	848
846	906
846	908
846	909
847	848
847	849
847	850
848	908
848	910
848	911
849	850
849	851
849	852
850	910
850	912
850	913
851	852
851	853
851	854
852	912
852	914
852	915
853	854
853	855
853	856
854	914
854	916
854	917
855	856
855	857
855	858
856	916
856	918
856	919
857	858
857	859
857	860
858	918
858	920
858	921
859	860
859	861
859	862
860	920
860	922
860	923
861	862
861	863
861	864
862	922
862	924
862	925
863	864
863	865
863	866
864	924
864	926
864	927
865	866
865	867
865	868
866	926
866	928
866	929
867	868
867	869
867	870
868	928
868	930
868	931
869	870
869	871
869	872
870	930
870	932
870	933
871	872
871	873
871	874
872	932
872	934
872	935
873	874
873	875
873	876
874	934
874	936
874	937
875	876
875	877
875	878
876	936
876	938
876	939
877	878
877	879
877	880
878	938
878	940
878	941
879	880
879	881
880	940
880	942
880	943
881	942
881	944
882	883
882	884
882	885
883	945
884	885
884	886
884	887
885	945
885	946
886	887
886	888
886	889
887	946
887	947
888	889
888	890
888	891
889	947
889	948
890	891
890	892
890	893
891	948
891	949
892	893
892	894
892	895
893	949
893	950
894	895
894	896
894	897
895	950
895	951
896	897
896	898
896	899
897	951
897	952
898	899
898	900
898	901
899	952
899	953
900	901
900	902
900	903
901	953
901	954
902	903
902	904
902	905
903	954
903	955
904	905
904	906
904	907
905	955
905	956
906	907
906	908
906	909
907	956
907	957
908	909
908	910
908	911
909	957
909	958
910	911
910	912
910	913
911	958
911	959
912	913
912	914
912	915
913	959
913	960
914	915
914	916
914	917
915	960
915	961
916	917
916	918
916	919
917	961
917	962
918	919
918	920
918	921
919	962
919	963
920	921
920	922
920	923
921	963
921	964
922	923
922	924
922	925
923	964
923	965
924	925
924	926
924	927
925	965
925	966
926	927
926	928
926	929
927	966
927	967
928	929
928	930
928	931
929	967
929	968
930	931
930	932
930	933
931	968
931	969
932	933
932	934
932	935
933	969
933	970
934	935
934	936
934	937
935	970
935	971
936	937
936	938
936	939
937	971
937	972
938	939
938	940
938	941
939	972
939	973
940	941
940	942
940	943
941	973
941	974
942	943
942	944
943	974
943	975
944	975
945	946
946	947
947	948
948	949
949	950
950	951
951	952
952	953
953	954
954	955
955	956
956	957
957	958
958	959
959	960
960	961
961	962
962	963
963	964
964	965
965	966
966	967
967	968
968	969
969	970
970	971
971	972
972	973
973	974
974	975
