39
0.405395507812500 	 0.027915790677071 	 91595 	 47.266544
0.259923100471497 	 0.028889000415802 	 118600 	 61.202164
0.267303675413132 	 0.028376787900925 	 117340 	 60.551956
0.257611125707626 	 0.100957833230495 	 117706 	 60.740826
0.259815156459808 	 0.049531318247318 	 118872 	 61.342525
0.225459575653076 	 0.548225224018097 	 108486 	 55.982948
0.243428587913513 	 0.287250936031342 	 126707 	 65.385689
0.242844909429550 	 0.319213211536407 	 113707 	 58.677189
0.250820457935333 	 0.250012814998627 	 131189 	 67.698570
0.257334917783737 	 0.159760266542435 	 119868 	 61.856499
0.244738221168518 	 0.272601544857025 	 129183 	 66.663399
0.248799696564674 	 0.262306004762650 	 105464 	 54.423481
0.228104427456856 	 0.474568456411362 	 109070 	 56.284317
0.259575307369232 	 0.081749722361565 	 122758 	 63.347851
0.246372759342194 	 0.262510865926743 	 109007 	 56.251804
0.251691907644272 	 0.238436728715897 	 117361 	 60.562790
0.253440111875534 	 0.200020477175713 	 113086 	 58.356728
0.215982854366302 	 0.631204247474670 	 104595 	 53.975044
0.255272090435028 	 0.193566575646400 	 113388 	 58.512569
0.215717971324921 	 0.704809725284576 	 102119 	 52.697334
0.237498834729195 	 0.441889047622681 	 111700 	 57.641499
0.184803426265717 	 0.982533335685730 	 82024 	 42.327541
0.235071778297424 	 0.444245249032974 	 119701 	 61.770321
0.252652317285538 	 0.222353100776672 	 139897 	 72.192238
0.239933550357819 	 0.374071598052979 	 110847 	 57.201317
0.221252903342247 	 0.608820319175720 	 115779 	 59.746418
0.220100551843643 	 0.610817968845367 	 103890 	 53.611237
0.242210194468498 	 0.342467874288559 	 131297 	 67.754303
0.225384220480919 	 0.571428596973419 	 104931 	 54.148434
0.190974146127701 	 0.959022641181946 	 95927 	 49.502022
0.256427347660065 	 0.188495606184006 	 118311 	 61.053028
0.193209335207939 	 0.848384022712708 	 90056 	 46.472363
0.205646350979805 	 0.732827901840210 	 95585 	 49.325539
0.202822446823120 	 0.759924232959747 	 90295 	 46.595695
0.227088004350662 	 0.510372340679169 	 111288 	 57.428890
0.238652914762497 	 0.394662708044052 	 111061 	 57.311749
0.194876730442047 	 0.830251514911652 	 92807 	 47.891983
0.252496182918549 	 0.237770825624466 	 116256 	 59.992569
0.210939496755600 	 0.728269219398499 	 92197 	 47.577198


F1 => 0.184803426265717	 1421
F2 => 0.027915790677071	 17
Psi => 0.027915790677071	 17
Porcentagem medidores que mantiveram o rotulo => 82.559448242187500	 1012
Quantas iteracoes a BL melhorou a solucao  => 2020


GRASP (Const + BL) MO : 19.219000 
tam ND = 39
tirou = 94
inseriu = 133
