43
0.266483247280121 	 0.046201910823584 	 119789 	 61.190514
0.266760915517807 	 0.030681759119034 	 134035 	 68.467644
0.271973669528961 	 0.026225477457047 	 137812 	 70.397011
0.299030005931854 	 0.019976437091827 	 133527 	 68.208145
0.262146592140198 	 0.072785936295986 	 135161 	 69.042824
0.269920378923416 	 0.028940225020051 	 135884 	 69.412148
0.265730053186417 	 0.050043534487486 	 131984 	 67.419952
0.247820720076561 	 0.255698412656784 	 127323 	 65.039024
0.253624022006989 	 0.147108539938927 	 134558 	 68.734802
0.248604029417038 	 0.188700512051582 	 127616 	 65.188698
0.254837572574615 	 0.102904260158539 	 140068 	 71.549416
0.261440247297287 	 0.080571629106998 	 146969 	 75.074577
0.225737586617470 	 0.535163640975952 	 122089 	 62.365398
0.235455691814423 	 0.460072755813599 	 124365 	 63.528023
0.259084761142731 	 0.085130356252193 	 142558 	 72.821358
0.263156503438950 	 0.067715004086494 	 137558 	 70.267258
0.211045324802399 	 0.698868036270142 	 109732 	 56.053207
0.204397663474083 	 0.824873268604279 	 90717 	 46.339981
0.177150830626488 	 1.105823874473572 	 84949 	 43.393578
0.188304349780083 	 0.934897303581238 	 84092 	 42.955803
0.196936011314392 	 0.885622024536133 	 92875 	 47.442329
0.209277704358101 	 0.805409073829651 	 92082 	 47.037251
0.198694914579391 	 0.827946484088898 	 93504 	 47.763634
0.236669480800629 	 0.393945604562759 	 120948 	 61.782555
0.180689230561256 	 1.016544580459595 	 76901 	 39.282505
0.219016268849373 	 0.645034015178680 	 111953 	 57.187737
0.215444788336754 	 0.678379356861115 	 106295 	 54.297520
0.220059573650360 	 0.641704678535461 	 109224 	 55.793713
0.224659159779549 	 0.576755642890930 	 135723 	 69.329910
0.222348585724831 	 0.609588682651520 	 107139 	 54.728653
0.230761691927910 	 0.481227248907089 	 108634 	 55.492329
0.245750695466995 	 0.303846746683121 	 125404 	 64.058762
0.238236233592033 	 0.359524637460709 	 130928 	 66.880531
0.243829667568207 	 0.336116373538971 	 120081 	 61.339676
0.222063630819321 	 0.636428713798523 	 109209 	 55.786049
0.196107655763626 	 0.916713595390320 	 99125 	 50.634949
0.192533805966377 	 0.923577308654785 	 87623 	 44.759506
0.208606198430061 	 0.814936161041260 	 86029 	 43.945259
0.205693528056145 	 0.821390151977539 	 105279 	 53.778530
0.197087019681931 	 0.853813469409943 	 100864 	 51.523262
0.185846984386444 	 0.984940707683563 	 80747 	 41.247112
0.235359519720078 	 0.464989989995956 	 116237 	 59.376087
0.181699261069298 	 0.994416832923889 	 70193 	 35.855930


F1 => 0.177150830626488	 1162
F2 => 0.019976437091827	 987
Psi => 0.027667162939906	 863
Porcentagem medidores que mantiveram o rotulo => 83.890808105468750	 1019
Quantas iteracoes a BL melhorou a solucao  => 2020


GRASP (Const + BL) MO : 19.584000 
tam ND = 43
tirou = 93
inseriu = 136
