39
0.483162164688110 	 0.019944798201323 	 91457 	 47.195332
0.445097297430038 	 0.020465550944209 	 91354 	 47.142178
0.333028435707092 	 0.022131958976388 	 106013 	 54.706787
0.262108147144318 	 0.030828516930342 	 123154 	 63.552204
0.266099631786346 	 0.025985520333052 	 129393 	 66.771767
0.260911822319031 	 0.048013333231211 	 125189 	 64.602341
0.254496961832047 	 0.078060723841190 	 140270 	 72.384720
0.256372153759003 	 0.061969488859177 	 133728 	 69.008797
0.239777117967606 	 0.317190021276474 	 120832 	 62.353962
0.246948197484016 	 0.245951145887375 	 142960 	 73.772858
0.215657263994217 	 0.640108287334442 	 120242 	 62.049500
0.252042651176453 	 0.192522004246712 	 138860 	 71.657104
0.212385207414627 	 0.711347162723541 	 112465 	 58.036266
0.253413796424866 	 0.122532926499844 	 139759 	 72.121025
0.256641775369644 	 0.055876690894365 	 144546 	 74.591301
0.261641830205917 	 0.041608080267906 	 146408 	 75.552162
0.239574730396271 	 0.358016937971115 	 126144 	 65.095154
0.254235804080963 	 0.092329338192940 	 139082 	 71.771660
0.240895792841911 	 0.291048258543015 	 133930 	 69.113029
0.215502277016640 	 0.650991976261139 	 113668 	 58.657063
0.217891871929169 	 0.628703892230988 	 104069 	 53.703609
0.237135007977486 	 0.368379950523376 	 132095 	 68.166100
0.194997325539589 	 0.874498724937439 	 97005 	 50.058311
0.171315446496010 	 1.067541360855103 	 86401 	 44.586239
0.234772711992264 	 0.388845503330231 	 124910 	 64.458366
0.186286285519600 	 0.995938122272491 	 73773 	 38.069706
0.176663190126419 	 1.017236828804016 	 94580 	 48.806919
0.195230856537819 	 0.826693654060364 	 101314 	 52.281921
0.186293378472328 	 0.974222779273987 	 98305 	 50.729164
0.211098060011864 	 0.715877711772919 	 109771 	 56.646061
0.189907178282738 	 0.937301456928253 	 98610 	 50.886555
0.213941663503647 	 0.698380470275879 	 107057 	 55.245533
0.200549066066742 	 0.748841285705566 	 111033 	 57.297298
0.233411937952042 	 0.465187728404999 	 135022 	 69.676544
0.193067505955696 	 0.908295512199402 	 106667 	 55.044277
0.233849048614502 	 0.428370565176010 	 103151 	 53.229885
0.223808452486992 	 0.526948928833008 	 92482 	 47.724270
0.250730693340302 	 0.235796496272087 	 138137 	 71.284004
0.194793522357941 	 0.897307753562927 	 108192 	 55.831234


F1 => 0.171315446496010	 1356
F2 => 0.019944798201323	 361
Psi => 0.019944798201323	 361
Porcentagem medidores que mantiveram o rotulo => 87.095939636230469	 1855
Quantas iteracoes a BL melhorou a solucao  => 2020


GRASP (Const + BL) MO : 19.651833 
tam ND = 39
tirou = 107
inseriu = 146
